time_stamps	cumulative_heading_changes	avg_distance_to_closest_person	intimate_space_intrusions	personal_space_intrusions	social_space_intrusions	robot_on_person_collision	person_on_robot_collision	time_not_moving	avg_robot_linear_speed	avg_robot_angular_speed	avg_acceleration	avg_overacceleration	avg_pedestrian_velocity	avg_closest_pedestrian_velocity	social_force_on_agents	social_force_on_robot	social_work	obstacle_force_on_robot	obstacle_force_on_agents	behavior_active	
0.0	0.0	0.6533298340861056	0	1	0	0	0	0	0.09353408217430115	3.784586442634463e-05	0.0	0.0	1.388472318649292	1.388472318649292	1.218209078055531e-09	1.218209078055531e-09	2.4364181672154582e-09	0.0	0.1470969319343567	1	
0.84	2.1104468032717705e-05	0.43150635332298504	1	0	0	0	0	0	0.09209476411342621	2.7494454116094857e-05	-0.0017134738819939751	-0.002039849859516637	1.4746350049972534	1.4746350049972534	0.02636729329289603	0.0263672932928961	0.05273458696366953	0.0	0.6086637377738953	0	
1.6400000000000001	1.553562469780445e-05	1.2082928640775588	0	0	1	0	0	1	0.002588641596958041	3.3226537198061123e-05	-0.11188265314558521	-0.1398533164319815	1.5	1.5	0.15478523055745336	0.15478523055745327	0.30957044641209813	0.0	0.011394647881388664	0	
2.45	1.9897008314728737e-05	2.275509114239528	0	0	1	0	0	0	0.010036115534603596	3.429316348046996e-05	0.009194412268698215	0.011351126257652118	1.5	1.5	0.043938611657588576	0.04393861165758856	0.08787722236034165	0.0	5.9071622672490776e-05	1	
3.29	1.91335566341877e-05	3.4663583745517936	0	0	1	0	0	1	0.0029469539877027273	4.290442666388117e-05	-0.008439478032024843	-0.010046997657172433	1.5	1.5	0.008071348257468481	0.008071348257468481	0.016142697259889385	0.0	1.6344874609330873e-07	0	
4.13	1.7538550309836864e-05	3.752832632405604	0	0	0	0	0	1	0.009590492583811283	3.3064319723052904e-05	0.007908974519176852	0.00941544585616292	1.2794320583343506	1.2794320583343506	1.466779606774532e-22	1.466779606774511e-22	2.916589199156779e-22	0.0	3.8106545474647646e-08	0	
4.95	2.0709121599793434e-05	3.2143846273106607	0	0	1	0	0	1	0.006230748724192381	8.34946877148468e-06	-0.004097248609291344	-0.0049966446454772495	1.4934443235397339	1.4934443235397339	1.8259275810537147e-24	1.8259275810537404e-24	1.8259275810537147e-24	0.0	5.088055559099303e-07	0	
5.77	1.5356694348156452e-05	2.9799167355788314	0	0	1	0	0	1	0.006999218370765448	4.8011082981247455e-05	0.0009371581055769107	0.0011428757385084278	1.499802589416504	1.499802589416504	8.443448602001874e-17	8.443448602001874e-17	1.6886897351614865e-16	0.0	1.6041572052927222e-06	0	
6.58	2.1090148948132992e-05	3.1356360715016303	0	0	1	0	0	1	0.003294468391686678	-5.13660088472534e-05	-0.004573765406270086	-0.00564662395835813	1.5	1.5	2.563649485943225e-11	2.563649485943225e-11	5.12729895226826e-11	0.0	8.000072284630733e-07	0	
7.36	1.6770558431744576e-05	3.620686844359546	0	0	0	0	0	1	0.0027134448755532503	2.6771844204631634e-05	-0.0007449019437608046	-0.0009550024920010315	1.5	1.5	1.405963539012376e-08	1.405963539012376e-08	2.8119270623944462e-08	0.0	8.469204715311207e-08	0	
8.15	1.958583015948534e-05	4.3461300806668675	0	0	0	0	0	1	0.005172306671738625	5.09893216076307e-05	0.0031124832863106003	0.003939852261152658	1.5	1.5	2.0880407355063166e-07	2.0880407355063166e-07	4.1760814092041493e-07	0.0	1.784248304659286e-09	0	
8.92	1.4523160643875599e-05	5.191495429064501	0	0	0	0	0	1	0.002588641596958041	3.3219628676306456e-05	-0.0033554091880267315	-0.004357674270164587	1.5	1.5	4.634647938410858e-07	4.634647938410858e-07	9.269295946006246e-07	0.0	2.3440999141755015e-11	0	
9.73	1.989456359297037e-05	6.1718812911236824	0	0	0	0	0	0	0.010036115534603596	3.4292588679818437e-05	0.009194412268698215	0.011351126257652118	1.5	1.5	3.641523861237936e-07	3.641523861237936e-07	7.283047708146903e-07	0.0	1.6473243125494919e-13	0	
10.49	1.6720499843358994e-05	7.150665909461629	0	0	0	0	0	1	0.005325539968907833	1.299204996030312e-05	-0.0061981257443365296	-0.008155428610969118	1.5	1.5	1.6831855785201082e-07	1.6831855785201082e-07	3.366371222716891e-07	0.0	1.1969910680386373e-15	0	
11.25	1.9081286154687405e-05	8.167416121231147	0	0	0	0	0	0	0.010100132785737514	3.5680353903444484e-05	0.006282358969512738	0.008266261801990445	1.5	1.5	5.920090514328065e-08	5.920090514328085e-08	1.1840180887807135e-07	0.0	7.284302193832834e-18	0	
12.05	1.513876486569643e-05	8.66682504376462	0	0	0	0	0	1	0.005036588758230209	2.3420145225827582e-05	-0.006329430034384131	-0.007911787542980164	0.954613983631134	0.954613983631134	1.3342545578838953e-05	1.3342545578838904e-05	2.6685091150343112e-05	0.0	5.935151176014451e-19	0	
12.84	1.9826926290988922e-05	7.788809076388553	0	0	0	0	0	0	0.0930158942937851	2.2725356757291593e-05	0.11136620953867707	0.1409698854919963	1.2173137664794922	1.2173137664794922	1.7503753355916232e-05	1.750375335591617e-05	3.500750639846327e-05	0.0	4.7598480457918473e-17	0	
13.63	1.723412424325943e-05	6.791898122431776	0	0	0	0	0	1	0.00964055210351944	2.692411726457067e-05	-0.10553840783577931	-0.13359292131111306	1.4153735637664795	1.4153735637664795	1.0213920177464243e-05	1.0213920177464224e-05	2.04278403546576e-05	0.0	6.907538438265769e-15	1	
14.45	1.8826453015208244e-05	5.714766377908532	0	0	0	0	0	1	0.003893323475494981	-3.0545917979907244e-05	-0.0070088154000298285	-0.008547335853694913	1.4956482648849487	1.4956482648849487	9.567396069251719e-05	9.567396069251701e-05	0.00019134792115147012	0.0	1.4914282916306254e-12	1	
15.28	1.91141152754426e-05	4.7492651935189185	0	0	0	0	0	1	0.0027032275684177876	5.581454752245918e-05	-0.0014338504904544498	-0.0017275307113909036	1.4996418952941895	1.4996418952941895	3.346825114236474e-05	3.346825114236474e-05	6.693650292832665e-05	0.0	1.8493118147944188e-10	0	
16.09	1.3745739124715328e-05	3.9341666253539644	0	0	0	0	0	1	0.009551732800900936	3.8718641008017585e-05	0.008454944731460677	0.010438203372173676	1.499987006187439	1.499987006187439	3.248356130932994e-06	3.248356130932994e-06	6.496712410006044e-06	0.0	1.1014256173780268e-08	1	
16.88	2.321600914001465e-05	3.3547194685507193	0	0	1	0	0	0	0.09219668805599213	4.249330595484935e-05	0.10461386741150783	0.1324226169765922	0.17261087894439697	0.17261087894439697	1.7385166987945745e-06	1.7385166987945745e-06	3.4770334426933734e-06	0.0	2.1066279032311286e-07	1	
17.73	1.7264974303543568e-05	2.4979783847234898	0	0	1	0	0	1	0.007123892195522785	2.2699005057802424e-05	-0.10008564218878746	-0.11774781433974996	1.3271986246109009	1.3271986246109009	2.3624371368305724e-18	2.3624371368305724e-18	4.72487427206391e-18	0.0	1.4849671970296185e-05	1	
18.49	1.904577948153019e-05	1.6182606439589464	0	0	1	0	0	1	0.009856010787189007	2.2800029910285957e-05	0.003594892883771344	0.00473012221548861	1.2658631801605225	1.2658631801605225	6.248706759255707e-14	6.248706759255774e-14	1.249741382319125e-13	0.0	0.0011730481637641788	1	
19.33	1.6299192793667316e-05	0.8440791203816858	0	1	0	0	0	1	0.005036588758230209	2.341318213439081e-05	-0.005737407177331902	-0.006830246639680836	1.2851115465164185	1.2851115465164185	1.8957454298038123e-08	1.8957454298038123e-08	3.7914908571087854e-08	0.0	0.05701233074069023	1	
20.2	1.668685581535101e-05	0.5784285057884349	0	1	0	0	0	0	0.09405301511287689	-8.519708671883564e-07	0.10231773144212263	0.11760658786450877	1.4695470333099365	1.4695470333099365	0.022248316645639588	0.02224831664563963	0.044496633201854874	0.0	0.30257004499435425	1	
21.02	2.396339550614357e-05	1.2596748289959274	0	0	1	0	0	1	0.0023451412562280893	1.0694044249248691e-05	-0.11183887055688879	-0.13638886653279123	1.5	1.5	0.15639402928424279	0.15639402928424287	0.3127880639083425	0.0	0.008767976425588131	1	
21.87	1.7544254660606384e-05	2.3487290390556805	0	0	1	0	0	1	0.0024395904038101435	4.677235119743273e-05	0.00011111664421418135	0.00013072546378138983	1.5	1.5	0.042710592020855025	0.042710592020855025	0.08542118312846192	0.0	4.0803679439704865e-05	1	
22.73	2.1611573174595833e-05	3.5552160694359873	0	0	1	0	0	0	0.01002248004078865	5.450364187709056e-05	0.008817313531370358	0.01025269015275623	1.5	1.5	0.00756686642368451	0.00756686642368451	0.015133733354258688	0.0	1.0491677215895834e-07	1	
23.52	1.5433644875884056e-05	3.7732805978049466	0	0	0	0	0	1	0.002902897307649255	4.605993308359757e-05	-0.009012130041948601	-0.01140775954677038	1.2803313732147217	1.2803313732147217	7.357837181789415e-22	7.357837181789363e-22	1.4712435616343435e-21	0.0	3.438090701024521e-08	1	
24.36	1.5477649867534637e-05	3.3029191450834965	0	0	1	0	0	0	0.09405301511287689	-8.541941838302591e-07	0.10851204500622338	0.12918100595978974	1.5	1.5	2.4101850435380172e-24	2.4101850435380172e-24	2.4101850435380172e-24	0.0	3.256915590554854e-07	0	
25.22	2.5074928998947144e-05	3.150705696157239	0	0	1	0	0	1	0.0032954979687929153	2.159575160476379e-05	-0.10553199667916742	-0.12271162404554352	1.5	1.5	1.857245442139895e-16	1.857245442139895e-16	3.7144909104480566e-16	0.0	6.846923952252837e-07	0	
26.03	1.6696052625775337e-05	3.343916753376705	0	0	1	0	0	1	0.0065771182999014854	2.6067689759656787e-05	0.004051383124825395	0.005001707561512833	1.5	1.5	2.7342163058246845e-11	2.7342163058247042e-11	5.468432631397487e-11	0.0	2.834498218362569e-07	0	
26.81	1.8590595573186874e-05	3.8098724268280817	0	0	0	0	0	0	0.09178177267313004	8.336711289302912e-06	0.10923673637593403	0.14004709791786416	1.5	1.5	1.3505457061794674e-08	1.3505457061794626e-08	2.701091337064348e-08	0.0	3.282689675643269e-08	0	
27.61	1.5254132449626923e-05	4.508756948453157	0	0	0	0	0	1	0.006999216973781586	4.7997273213695735e-05	-0.10597819462418556	-0.13247274328023195	1.5	1.5	2.192815616910803e-07	2.192815616910803e-07	4.3856313592298017e-07	0.0	7.918352640245985e-10	0	
28.41	2.1646497771143913e-05	5.365613212157167	0	0	0	0	0	0	0.01020712312310934	1.0140467566088773e-05	0.004009882686659694	0.005012353358324617	1.5	1.5	4.5680232483693417e-07	4.5680232483693417e-07	9.136046505803448e-07	0.0	9.803506964556341e-12	0	
29.26	1.7859507352113724e-05	6.386482535671716	0	0	0	0	0	0	0.09356740117073059	2.063739339064341e-05	0.09807091535014265	0.11537754747075606	1.5	1.5	3.3697344542247783e-07	3.3697344542247783e-07	6.739468883495244e-07	0.0	5.614287517958366e-14	0	
30.05	1.8090009689331055e-05	7.398380227212455	0	0	0	0	0	1	0.0038933237083256245	-3.0551447707694024e-05	-0.11351149045874045	-0.14368543096043096	1.5	1.5	1.5299841775067978e-07	1.5299841775067978e-07	3.0599682813608743e-07	0.0	3.4593288787008656e-16	0	
30.87	1.8537510186433792e-05	8.488364379261842	0	0	0	0	0	1	0.00982738472521305	4.6492237743223086e-05	0.007236659776691984	0.00882519484962437	1.5	1.5	5.3801897399954185e-08	5.3801897399954185e-08	1.0760379544777694e-07	0.0	1.4582414581582547e-18	0	
31.66	1.291697844862938e-05	8.422557698328198	0	0	0	0	0	1	0.0026596500538289547	-1.4649724107584916e-05	-0.009073081862511514	-0.011484913750014574	1.3056071996688843	1.3056071996688843	5.245136628426834e-05	5.2451366284268246e-05	0.00010490273336680829	0.0	2.0073760611495453e-18	0	
32.45	2.3574568331241608e-05	7.379589197707711	0	0	0	0	0	1	0.006338581442832947	2.5627476134104654e-05	0.00465687517595442	0.005894778703739772	1.5	1.5	3.0257283432457123e-05	3.0257283432457228e-05	6.051456781178852e-05	0.0	3.6560138995202543e-16	0	
33.24	1.521548256278038e-05	6.3030183931690456	0	0	0	0	0	0	0.0938190147280693	3.437981285969727e-05	0.11073472567751437	0.14017053883229666	1.5	1.5	1.754007964295044e-05	1.7540079642950504e-05	3.508015790388628e-05	0.0	7.879003574790336e-14	0	
34.02	1.994892954826355e-05	5.271559653187906	0	0	0	0	0	1	0.0023930189199745655	1.3613910596177448e-05	-0.11721281513858299	-0.15027283992126023	1.5	1.5	6.609779867719511e-06	6.609779867719511e-06	1.321955989769532e-05	0.0	1.3599591071333794e-11	0	
34.82	1.3132113963365555e-05	4.301438482887206	0	0	0	0	0	1	0.002697634743526578	6.882895377202658e-06	0.00038076977944001555	0.00047596222430001944	1.5	1.5	5.385168018720309e-06	5.385168018720309e-06	1.0770335715379063e-05	0.0	1.7378837258164026e-09	0	
35.65	2.4295412003993988e-05	3.55333439743902	0	0	1	0	0	1	0.00994907133281231	7.658046342839953e-06	0.008736670589500882	0.010526109143976968	1.5	1.5	1.4151374769007266e-06	1.4151374769007266e-06	2.8302749667581697e-06	0.0	7.553487080258492e-08	0	
36.43	1.5976140275597572e-05	3.032895852326207	0	0	1	0	0	1	0.0065771182999014854	2.6057465220219456e-05	-0.00432301670886003	-0.005542329113923116	1.120365023612976	1.120365023612976	4.0897336686724895e-16	4.0897336686724895e-16	8.17946734776296e-16	0.0	1.0421121032777592e-06	0	
37.26	2.0227627828717232e-05	2.100917715934349	0	0	1	0	0	1	0.0032879204954952	-1.5015533790574409e-05	-0.003962888920971428	-0.004774564965025817	1.4727102518081665	1.4727102518081665	2.504292149773867e-19	2.504292149773867e-19	5.008584297711514e-19	0.0	0.00010561450471868739	0	
38.07	1.6218284144997597e-05	1.204992458146131	0	0	1	0	0	1	0.009636171162128448	3.558462776709348e-05	0.007837346502016356	0.009675736422242414	1.4501113891601562	1.4501113891601562	1.9985187727805345e-11	1.9985187727805555e-11	3.99703765788514e-11	0.0	0.009264843538403511	1	
38.92	1.5742843970656395e-05	0.6691353570362577	0	1	0	0	0	1	0.004041988868266344	4.354716338639264e-07	-0.006581390933955417	-0.007742812863476961	1.4360847473144531	1.4360847473144531	0.0025241932440860765	0.0025241932440860926	0.005048386387558152	0.0	0.19341324269771576	1	
39.75	2.439785748720169e-05	0.9486593462097428	0	1	0	0	0	1	0.005892006680369377	4.224764779792167e-05	0.0022289371230157025	0.002685466413271931	1.4269742965698242	1.4269742965698242	0.3731980792878554	0.37319807928785553	0.7463961414693282	0.0	0.04118730127811432	0	
40.61	1.7644371837377548e-05	1.8166224751143467	0	0	1	0	0	1	0.007123891729861498	2.267686795676127e-05	0.0014324244761536287	0.0016656098559925917	1.2817347049713135	1.2817347049713135	0.053454106433123684	0.053454106433123684	0.10690821124407682	0.0	0.0005720688495784998	1	
41.42	1.999759115278721e-05	2.8863341246323	0	0	1	0	0	1	0.0032879204954952	-1.5015872122603469e-05	-0.0047357669560077744	-0.005846625871614536	1.4907798767089844	1.4907798767089844	0.016311225559649496	0.016311225559649496	0.032622450109658266	0.0	2.923577994806692e-06	1	
42.23	1.6217119991779327e-05	3.9740299338320497	0	0	0	0	0	1	0.009636171162128448	3.558092794264667e-05	0.007837346502016356	0.009675736422242414	0.27688485383987427	0.27688485383987427	2.365130690195896e-08	2.365130690195896e-08	4.730261536922411e-08	0.0	1.3228442341528535e-08	1	
43.02	1.8476508557796478e-05	3.505997030869768	0	0	1	0	0	1	0.0028565337415784597	-2.1475489120348357e-05	-0.00858181951968353	-0.010863062683143708	1.4418965578079224	1.4418965578079224	4.075522920219723e-26	4.0755229202196654e-26	4.075522920219723e-26	0.0	1.246434209178915e-07	1	
43.87	1.9975006580352783e-05	3.10048035370019	0	0	1	0	0	0	0.09421802312135696	2.888251401600428e-05	0.1074841051526806	0.12645188841491836	1.5	1.5	9.26766864611728e-21	9.26766864611728e-21	1.8535342875818148e-20	0.0	8.786821581452386e-07	1	
44.69	1.689535565674305e-05	3.0535461003330524	0	0	1	0	0	1	0.009590493515133858	3.303411722299643e-05	-0.10320430439783307	-0.12585890780223546	1.4989985227584839	1.4989985227584839	6.971042890308281e-14	6.971042890308281e-14	1.3942086099135137e-13	0.0	1.1388043503757217e-06	1	
45.55	2.1644867956638336e-05	3.4255803336088704	0	0	1	0	0	1	0.0059385462664067745	2.7032283469452523e-05	-0.0042464502892175385	-0.004937732894438998	1.5	1.5	1.1569540950549241e-09	1.1569540950549241e-09	2.3139080721210907e-09	0.0	2.0439354386780906e-07	1	
46.36	1.582014374434948e-05	4.081534718543496	0	0	0	0	0	1	0.0025886420626193285	3.3184041967615485e-05	-0.004135684202206723	-0.005105782965687313	1.4850014448165894	1.4850014448165894	9.858084190520485e-08	9.858084190520485e-08	1.971616831731083e-07	0.0	7.292944026460191e-09	1	
47.18	1.9881874322891235e-05	4.9193926438455415	0	0	0	0	0	0	0.010036115534603596	3.42896455549635e-05	0.009082284721932034	0.011075956977965897	1.4890486001968384	1.4890486001968384	3.317192465924403e-07	3.317192465924403e-07	6.634384817839258e-07	0.0	9.496274600007126e-11	1	
47.98	1.8183374777436256e-05	5.860525318047675	0	0	0	0	0	0	0.09356740117073059	2.0627099729608744e-05	0.10441410704515874	0.13051763380644843	1.4842662811279297	1.4842662811279297	3.078850112058327e-07	3.0788501120583154e-07	6.157700282426568e-07	0.0	7.999612799437783e-13	1	
48.77	1.808488741517067e-05	6.847503388061585	0	0	0	0	0	1	0.003893323941156268	-3.055807974305935e-05	-0.11351149016401813	-0.14368543058736472	1.4999028444290161	1.4999028444290161	2.734915238938417e-07	2.734915238938421e-07	5.46983032445002e-07	0.0	5.5269026863285185e-15	1	
49.62	1.9676517695188522e-05	7.94192535076701	0	0	0	0	0	1	0.0023930182214826345	1.3607890650746413e-05	-0.001765065552557216	-0.0020765477088908425	1.4999942779541016	1.4999942779541016	1.111319409876862e-07	1.111319409876862e-07	2.22263887299757e-07	0.0	2.2616332248339004e-17	1	
50.39	1.2076692655682564e-05	8.829923358002324	0	0	0	0	0	1	0.004670894704759121	2.7761818273575045e-05	0.00295828114711232	0.003841923567678337	0.4139951467514038	0.4139951467514038	1.7422877436489403e-07	1.7422877436489403e-07	3.4845756220635124e-07	0.0	2.629809051074326e-19	0	
51.16	2.3005763068795204e-05	8.041737182080272	0	0	0	0	0	1	0.0026751228142529726	5.0744063628371805e-05	-0.002591911546111881	-0.003366118891054391	1.3091052770614624	1.3091052770614624	3.752724624995712e-05	3.752724624995712e-05	7.505449285439785e-05	0.0	1.3439824624789068e-17	0	
51.94	1.5025492757558823e-05	7.10721938296787	0	0	0	0	0	1	0.008918414823710918	-1.0491646662558196e-06	0.008004220524946084	0.010261821185828314	1.2920528650283813	1.2920528650283813	3.4179102412755264e-05	3.417910241275514e-05	6.835820434368647e-05	0.0	1.4247043350840496e-15	0	
52.71	1.9231578335165977e-05	6.1616879737491415	0	0	0	0	0	1	0.00982738472521305	4.648148751584813e-05	0.001180480391561211	0.0015330914176119623	1.4568493366241455	1.4568493366241455	4.0570755391566294e-05	4.0570755391566375e-05	8.114150960016831e-05	0.0	1.5969129772870627e-13	0	
53.47	1.266971230506897e-05	5.226389729045333	0	0	0	0	0	1	0.002015786012634635	-5.592715024249628e-05	-0.01027841935865581	-0.01352423599823133	1.4660736322402954	1.4660736322402954	1.1738349894444419e-05	1.1738349894444378e-05	2.3476699607131033e-05	0.0	1.7026881640735958e-11	0	
54.25	2.2448599338531494e-05	4.289065542691773	0	0	0	0	0	1	0.0038175194058567286	2.823846079991199e-05	0.0023099146066949917	0.002961428982942297	1.4883079528808594	1.4883079528808594	1.4108344211193405e-06	1.410834421119343e-06	2.8216688641690205e-06	0.0	1.8505709187266461e-09	0	
55.04	1.590023748576641e-05	3.5412437556227028	0	0	1	0	0	0	0.09350654482841492	-1.84375330718467e-05	0.11353041192728884	0.14370938218644155	1.498599648475647	1.498599648475647	2.1366607871236685e-06	2.1366607871236685e-06	4.27332168333623e-06	0.0	8.001435958249203e-08	0	
55.76	1.677614636719227e-05	3.0842855962402167	0	0	1	0	0	1	0.0029028980061411858	4.6031495003262535e-05	-0.12583839836426908	-0.17477555328370706	1.1548532247543335	1.1548532247543335	1.1416006215162685e-16	1.1416006215162685e-16	2.2832011875790725e-16	0.0	8.07064566288318e-07	0	
56.37	1.5669036656618118e-05	2.3064664465401012	0	0	1	0	0	1	0.006338581442832947	2.562306690379046e-05	0.0056322679290028875	0.009233226113119488	1.481335163116455	1.481335163116455	7.699784591975998e-21	7.699784591976106e-21	1.5399533931614768e-20	0.0	3.843587182927877e-05	0	
57.14	1.4482298865914345e-05	1.336644971590757	0	0	1	0	0	1	0.002519257366657257	-1.5001672181824688e-05	-0.004960161137890506	-0.006441767711546111	1.5	1.5	1.3065340651924643e-15	1.306534065192483e-15	2.6130680926512377e-15	0.0	0.004757550545036793	0	
57.95	2.1104933694005013e-05	0.6703020841268568	0	1	0	0	0	1	0.005903190467506647	4.742205419461243e-05	0.004177695186233814	0.0051576483780664375	1.4960391521453857	1.4960391521453857	4.413322425989716e-06	4.413322425989716e-06	8.826645011595499e-06	0.0	0.15443192422389984	0	
58.81	1.629185862839222e-05	0.9124777134807491	0	1	0	0	0	1	0.0069992151111364365	4.797746078111231e-05	0.0012744472600346387	0.0014819154186449287	1.5	1.5	0.12453472225367782	0.12453472225367818	0.24906944839656112	0.0	0.049924783408641815	0	
59.67	2.071075141429901e-05	1.8520317958628212	0	0	1	0	0	1	0.0033067844342440367	-3.687067874125205e-05	-0.004293524042898139	-0.0049924698173234175	1.5	1.5	0.08988076802549472	0.08988076802549476	0.17976153250990023	0.0	0.0004684551095124334	0	
60.5	2.0335428416728973e-05	2.9618540267454945	0	0	1	0	0	0	0.09421802312135696	2.887648224714212e-05	0.10953161287603967	0.13196579864583094	1.5	1.5	0.018927061511531597	0.018927061511531597	0.03785412157918525	0.0	1.966824811461265e-06	1	
61.32	1.625088043510914e-05	3.982115354761345	0	0	0	0	0	0	0.0938190147280693	3.437817940721288e-05	-0.0004865956015703155	-0.0005934092702077018	0.4105597734451294	0.4105597734451294	2.3564853482265965e-09	2.3564853482266048e-09	4.712970577397909e-09	0.0	1.2623871725736535e-08	1	
62.17	2.2104475647211075e-05	3.501463793927784	0	0	1	0	0	1	0.009856010787189007	2.2794001779402606e-05	-0.09878000463632977	-0.11621177016038797	1.4501783847808838	1.4501783847808838	1.9498397264331383e-26	1.949839726433097e-26	1.9498397264331383e-26	0.0	1.2573168817198166e-07	1	
62.98	1.5127472579479218e-05	3.130871894702631	0	0	1	0	0	0	0.09109020978212357	4.982854443369433e-05	0.10028913456164759	0.12381374637240443	1.4966161251068115	1.4966161251068115	3.604971566548239e-20	3.6049715665482894e-20	7.209943583267389e-20	0.0	7.536804673691222e-07	0	
63.83	2.0144274458289146e-05	3.099622340924817	0	0	1	0	0	1	0.0033067846670746803	-3.687100615934469e-05	-0.10327461778241045	-0.1214995503322476	1.4981143474578857	1.4981143474578857	2.2686486570148178e-13	2.2686486570147938e-13	4.5372973861769355e-13	0.0	9.11559993710398e-07	1	
64.61	1.8513761460781097e-05	3.42394751686302	0	0	1	0	0	1	0.004454180132597685	1.997037179535255e-05	0.0014710198275935955	0.0018859228558892249	1.4962337017059326	1.4962337017059326	1.4661357945830466e-09	1.4661357945830466e-09	2.932271562929579e-09	0.0	2.0581715887146856e-07	1	
65.41	1.8336810171604156e-05	4.0366109854483305	0	0	0	0	0	1	0.0038933244068175554	-3.056397326872684e-05	-0.0007010696572251618	-0.0008763370715314522	1.4948489665985107	1.4948489665985107	1.035108015514489e-07	1.035108015514489e-07	2.07021608588304e-07	0.0	9.125128208609112e-09	1	
66.23	1.8524006009101868e-05	4.8699983763127355	0	0	0	0	0	1	0.00982738472521305	4.647483365260996e-05	0.007236658924872556	0.00882519381082019	1.4777597188949585	1.4777597188949585	3.16205562245843e-07	3.16205562245843e-07	6.324111199835461e-07	0.0	1.2117110093079475e-10	1	
67.04	1.3527227565646172e-05	5.855002434182639	0	0	0	0	0	0	0.09332023561000824	2.7688254704116844e-05	0.10307759368493233	0.12725628849991644	1.5	1.5	3.039454822190532e-07	3.039454822190532e-07	6.07890966111729e-07	0.0	8.21844491332574e-13	1	
67.88	2.4406472221016884e-05	6.8976741737179585	0	0	0	0	0	0	0.0918070375919342	3.4559302548586857e-06	-0.0018014262119928996	-0.0021445550142772615	1.5	1.5	2.6657803973412385e-07	2.6657803973412385e-07	5.33156081153176e-07	0.0	4.289023326222666e-15	1	
68.69	1.6812235116958618e-05	7.948147122461007	0	0	0	0	0	1	0.007123891264200211	2.2649708625976928e-05	-0.10454709423177036	-0.12907048670588933	1.5	1.5	1.0188439695475546e-07	1.0188439695475546e-07	2.0376880009116512e-07	0.0	2.1897255870040532e-17	1	
69.52	2.1055806428194046e-05	8.79252908325762	0	0	0	0	0	0	0.09289281815290451	5.3763502364745364e-05	0.10333605649241483	0.1245012728824275	0.6708003282546997	0.6708003282546997	3.269073603819057e-06	3.269073603819057e-06	6.538147262703793e-06	0.0	3.1701867582096125e-19	1	
70.27	1.3819197192788124e-05	7.968244067044045	0	0	0	0	0	1	0.00898379273712635	3.6895926314173266e-05	-0.11187870055437088	-0.14917160073916116	1.457044005393982	1.457044005393982	6.378885511250684e-05	6.378885511250673e-05	0.00012757770666095878	0.0	1.934335227239531e-17	1	
71.06	1.978222280740738e-05	6.931902207033263	0	0	0	0	0	1	0.0032944674603641033	-5.137010884936899e-05	-0.007201677565521832	-0.009116047551293457	1.4967950582504272	1.4967950582504272	3.089638196014547e-05	3.089638196014547e-05	6.179276462843389e-05	0.0	3.4075485370253485e-15	0	
71.87	1.7675338312983513e-05	5.886875097651901	0	0	0	0	0	1	0.00964055210351944	2.6889974833466113e-05	0.007834672398957205	0.009672435060440993	1.5	1.5	1.5408567401083307e-05	1.5408567401083307e-05	3.0817135689050084e-05	0.0	6.2776043044388e-13	1	
72.7	1.880992203950882e-05	4.885538731847612	0	0	0	0	0	1	0.0038933244068175554	-3.056655259570107e-05	-0.006924370718917933	-0.00834261532399751	1.5	1.5	3.9334536699386e-06	3.933453669938607e-06	7.866907296752897e-06	0.0	9.361491443149461e-11	1	
73.57	2.095126546919346e-05	3.95886312471289	0	0	0	0	0	1	0.009045164100825787	1.3369223779591266e-05	0.0059216548206991165	0.00680649979390703	1.5	1.5	2.86471543578061e-07	2.86471543578061e-07	5.729430762958301e-07	0.0	9.807826550911614e-09	1	
74.41	1.5440862625837326e-05	3.32214556697358	0	0	1	0	0	1	0.006999214645475149	4.7967514547053725e-05	-0.002435654113512664	-0.002899588230372219	0.7312530875205994	0.7312530875205994	2.0723334744933556e-10	2.07233347449337e-10	4.144666890474476e-10	0.0	2.4808605303405784e-07	0	
75.25	2.1298415958881378e-05	2.3045914838659387	0	0	1	0	0	0	0.010036115534603596	3.428743366384879e-05	0.003615358201343389	0.00430399785874213	1.4750195741653442	1.4750195741653442	2.6155782022339984e-21	2.6155782022340168e-21	5.231135416030176e-21	0.0	3.8987120206002146e-05	0	
76.09	1.9419938325881958e-05	1.2741847941830091	0	0	1	0	0	1	0.003817519638687372	2.823053546308074e-05	-0.007403090352281219	-0.008813202800334785	1.4999854564666748	1.4999854564666748	3.1053067000126803e-15	3.105306700012746e-15	6.210613340908723e-15	0.0	0.006502196658402681	0	
76.9	1.5835510566830635e-05	0.643117146733899	0	1	0	0	0	1	0.002519257366657257	-1.5009100934548769e-05	-0.0016027929284322408	-0.0019787567017681986	1.4938201904296875	1.4938201904296875	1.544565526057905e-05	1.5445655260579322e-05	3.089131092349472e-05	0.0	0.18265220522880554	0	
77.77	2.2825319319963455e-05	0.9584302841762864	0	1	0	0	0	1	0.009856010787189007	2.2791848095948808e-05	0.008433049908657184	0.009693160814548487	1.5	1.5	0.13848697055102446	0.13848697055102493	0.2769739519429312	0.0	0.039452169090509415	0	
78.59	1.5842728316783905e-05	1.8752994968512358	0	0	1	0	0	1	0.00898379273712635	3.68881446775049e-05	-0.001063680548856898	-0.0012971714010449977	1.5	1.5	0.08665803651593602	0.08665803651593598	0.17331607471488392	0.0	0.000417937058955431	0	
79.39	2.0009465515613556e-05	2.9469975406546722	0	0	1	0	0	1	0.005032167304307222	2.1750764062744565e-05	-0.00493953179102391	-0.0061744147387798876	1.5	1.5	0.019264058488065554	0.019264058488065554	0.03852811762934382	0.0	2.1179021132411435e-06	0	
80.24	1.9105151295661926e-05	3.975136997458063	0	0	0	0	0	1	0.0029469551518559456	4.287533738533966e-05	-0.0024531907675897375	-0.0028861067853996913	0.502717137336731	0.502717137336731	2.3040184282526516e-10	2.3040184282526596e-10	4.6080367932373793e-10	0.0	1.3063892190245951e-08	0	
81.0	1.7431098967790604e-05	3.4779462202491374	0	0	1	0	0	1	0.002569998847320676	-1.2546644029498566e-05	-0.0004959951375464076	-0.0006526251809821152	1.4545116424560547	1.4545116424560547	1.6654009737153274e-27	1.665400973715351e-27	1.6654009737153274e-27	0.0	1.4275936166541214e-07	0	
81.73	1.4339573681354523e-05	3.0958179946117945	0	0	1	0	0	1	0.005036589689552784	2.335338831471745e-05	0.003378891564701518	0.0046286185817829015	1.4675170183181763	1.4675170183181763	7.670062805599971e-21	7.670062805599971e-21	1.5340180661616018e-20	0.0	9.027725127452868e-07	0	
82.5	1.9341008737683296e-05	3.0511922193175245	0	0	1	0	0	1	0.0032944672275334597	-5.137083644513041e-05	-0.0022624967039212005	-0.002938307407689871	1.425102949142456	1.425102949142456	6.213706513005553e-14	6.213706513005487e-14	1.2427413497934192e-13	0.0	1.1366809076207574e-06	0	
83.32	1.7891637980937958e-05	3.336280193318281	0	0	1	0	0	1	0.0029793663416057825	3.6559322325047106e-05	-0.00038426937308253315	-0.00046862118668601605	1.4455327987670898	1.4455327987670898	5.596701979432221e-10	5.596701979432221e-10	1.1193403970172137e-09	0.0	3.028908963642607e-07	0	
84.16	1.7650891095399857e-05	3.831860271250239	0	0	0	0	0	0	0.09350654482841492	-1.8448450646246783e-05	0.10777045057953469	0.12829815545182702	1.4025356769561768	1.4025356769561768	2.6267211965295633e-07	2.626721196529573e-07	5.253442508101164e-07	0.0	2.7539812208488e-08	0	
85.01	2.188165672123432e-05	4.560779515595902	0	0	0	0	0	1	0.009045164100825787	1.3366543498705141e-05	-0.09936633026775192	-0.11690156502088461	1.46426522731781	1.46426522731781	5.990960305467097e-07	5.990960305467077e-07	1.1981920708790794e-06	0.0	5.858395990543386e-10	1	
85.83	1.4944933354854584e-05	5.483874491252134	0	0	0	0	0	1	0.00665777875110507	3.276482311775908e-05	-0.0029114455484398984	-0.003550543351755974	1.4987835884094238	1.4987835884094238	4.930848271341049e-07	4.930848271341049e-07	9.861696534370524e-07	0.0	5.3004961531044614e-12	1	
86.65	2.2117979824543e-05	6.5066287522101565	0	0	0	0	0	0	0.01020712312310934	1.013695691653993e-05	0.004328468746346671	0.0052786204223739894	1.4999572038650513	1.4999572038650513	2.8460431468781635e-07	2.8460431468781635e-07	5.692086263611362e-07	0.0	3.046944546170917e-14	0	
87.47	1.710536889731884e-05	7.585858255272857	0	0	0	0	0	1	0.00964055210351944	2.6880834411713295e-05	-0.0006909402677925622	-0.0008426100826738564	1.4999984502792358	1.4999984502792358	1.0459278627280564e-07	1.0459278627280601e-07	2.091855651551121e-07	0.0	1.3453677087635248e-16	1	
88.32	1.7870217561721802e-05	8.743412240424135	0	0	0	0	0	0	0.09350654482841492	-1.8450009520165622e-05	0.09866587379399468	0.11607749858117021	1.5	1.5	2.840047280189854e-08	2.840047280189854e-08	5.680094410993068e-08	0.0	4.0569179125179226e-19	1	
89.12	2.0020874217152596e-05	8.162455453284725	0	0	0	0	0	1	0.0027032294310629368	5.577878619078547e-05	-0.11350414424668998	-0.14188018030836247	1.419060468673706	1.419060468673706	4.703668335301828e-05	4.7036683353018196e-05	9.407336645259547e-05	0.0	7.350376553982957e-18	1	
89.84	1.4142598956823349e-05	7.207551979434972	0	0	0	0	0	1	0.0026136240921914577	-3.8022339140297845e-05	-0.0001244518595437209	-0.0001728498049218346	1.4956204891204834	1.4956204891204834	4.098540100296591e-05	4.098540100296576e-05	8.197080112206382e-05	0.0	8.620278127008656e-16	1	
90.61	1.8877675756812096e-05	6.206404153080648	0	0	0	0	0	1	0.004454180132597685	1.995605998672545e-05	0.002390332520008087	0.0031043279480624506	1.5	1.5	2.766798490689146e-05	2.766798490689146e-05	5.533597061208459e-05	0.0	1.2740921870053185e-13	1	
91.25	1.5795696526765823e-05	5.411076703436529	0	0	0	0	0	1	0.009045164100825787	1.3365081940719392e-05	0.007173412450356409	0.011208456953681889	1.5	1.5	1.1252390080390064e-05	1.1252390080390005e-05	2.2504781312509472e-05	0.0	6.762980366697979e-12	1	
91.95	1.0288320481777191e-05	4.599683931282148	0	0	0	0	0	1	0.004041917622089386	4.057485796238325e-07	-0.00714749496962343	-0.010210707099462044	1.5	1.5	2.668732387547502e-06	2.668732387547502e-06	5.33746496469656e-06	0.0	3.915711921376186e-10	1	
92.83	2.514990046620369e-05	3.72230078650769	0	0	0	0	0	1	0.006205852143466473	3.4270801734237466e-06	0.0024590165015648713	0.0027943369335964446	1.4995745420455933	1.4995745420455933	1.1964427202199992e-07	1.1964427202200032e-07	2.392885416247588e-07	0.0	3.2441249686598894e-08	1	
93.66	1.7133774235844612e-05	3.1206027731681316	0	0	1	0	0	0	0.09095631539821625	2.2686022930429317e-05	0.1021089918731925	0.12302288177493073	1.0095264911651611	1.0095264911651611	3.4926104895731455e-14	3.492610489573121e-14	6.985221082128734e-14	0.0	6.748232976860891e-07	1	
94.51	2.079783007502556e-05	2.2462601049742874	0	0	1	0	0	1	0.003278633113950491	-1.1151983017043676e-05	-0.10315021445207737	-0.1213531934730322	1.1526840925216675	1.1526840925216675	5.3727808891756825e-15	5.372780889175759e-15	1.0745561695586545e-14	0.0	5.2043425966985524e-05	1	
95.33	1.7452053725719452e-05	1.3024514093032313	0	0	1	0	0	1	0.003663336858153343	3.3097116101998836e-05	0.000469150907564454	0.000572135253127383	1.479068398475647	1.479068398475647	1.7981668801220277e-15	1.7981668801220277e-15	3.596333759122892e-15	0.0	0.00564767699688673	0	
96.16	1.4175428077578545e-05	0.6067355029027062	0	1	0	0	0	0	0.09332023561000824	2.767633668554481e-05	0.10802035994199385	0.13014501197830586	1.4914517402648926	1.4914517402648926	6.111250163246073e-06	6.1112501632461164e-06	1.222250022213942e-05	0.0	0.21336829662322998	0	
96.82	1.9036000594496727e-05	0.7384229581028907	0	1	0	0	0	0	0.09267990291118622	1.3441908777167555e-05	-0.0009702010588212446	-0.001470001604274613	1.5	1.5	0.07295940633074059	0.07295940633074043	0.14591881449476496	0.0	0.1229982078075409	0	
97.53	1.7707236111164093e-05	1.430639441378021	0	0	1	0	0	1	0.009856010787189007	2.278911961184349e-05	-0.11665336918872847	-0.16430051998412462	1.5	1.5	0.13939959064595855	0.13939959064595855	0.27879917875402127	0.0	0.0037547992542386055	0	
98.27	1.1601252481341362e-05	2.37739321258726	0	0	1	0	0	1	0.004699178040027618	6.183254299685359e-05	-0.0069686929015694435	-0.009417152569688437	1.5	1.5	0.04270653804472859	0.04270653804472859	0.08541307603649076	0.0	3.530702451826073e-05	0	
99.09	2.3618806153535843e-05	3.5187249704591874	0	0	1	0	0	1	0.00994907133281231	7.655915396753699e-06	0.006402308893639868	0.007807693772731546	1.5	1.5	0.008232686458828999	0.008232686458828999	0.016465373127463413	0.0	1.2563187112846208e-07	0	
99.79	1.27346720546484e-05	3.8329771873617524	0	0	0	0	0	1	0.004243169911205769	3.109175668214448e-05	-0.008151287745152202	-0.011644696778788861	1.1548092365264893	1.1548092365264893	6.354295573444561e-20	6.354295573444472e-20	1.2708591056560935e-19	0.0	2.5907004541636525e-08	0	
100.41	1.3546552509069443e-05	3.395266536827566	0	0	1	0	0	1	0.006999213248491287	4.795087079401128e-05	0.004445231189170192	0.007169727724468051	1.4724903106689453	1.4724903106689453	6.4543764484495626e-27	6.454376448449654e-27	6.4543764484495626e-27	0.0	2.1275803874232224e-07	0	
101.2	2.097361721098423e-05	3.0318829882290745	0	0	1	0	0	0	0.09200696647167206	2.809180659824051e-05	0.1076047509154187	0.1362085454625553	1.4981167316436768	1.4981167316436768	8.44584093863326e-20	8.445840938633442e-20	1.6891681987635574e-19	0.0	1.2358444791971124e-06	0	
102.0	1.6819452866911888e-05	3.01561751580965	0	0	1	0	0	1	0.002713447669520974	2.6697276553022675e-05	-0.11161689850268885	-0.13952112312836107	1.4699918031692505	1.4699918031692505	6.229679097025373e-13	6.229679097025373e-13	1.245935787073271e-12	0.0	1.3877731817046879e-06	0	
102.8	1.9558006897568703e-05	3.358649877716984	0	0	1	0	0	1	0.005172325763851404	5.100308408145793e-05	0.0030735976179130375	0.003841997022391297	1.4866527318954468	1.4866527318954468	2.1538371430667917e-09	2.1538371430667917e-09	4.3076740296870886e-09	0.0	2.869957995699224e-07	0	
103.61	1.6304897144436836e-05	4.017324580695029	0	0	0	0	0	1	0.0041176374070346355	2.5411898604943417e-05	-0.0013020843911318131	-0.0016075115939898927	1.4830271005630493	1.4830271005630493	1.418347234611655e-07	1.418347234611655e-07	2.8366945586453305e-07	0.0	9.95895010902359e-09	0	
104.41	1.5672994777560234e-05	4.793356274360729	0	0	0	0	0	1	0.00487858010455966	-0.00014277045556809753	0.0009511783719062805	0.0011889729648828506	1.5	1.5	5.04863938034042e-07	5.048639380340439e-07	1.009727914436745e-06	0.0	1.763056367565241e-10	0	
105.21	2.1787360310554504e-05	5.742879924765014	0	0	0	0	0	1	0.003817519871518016	2.8220143576618284e-05	-0.0013263252913020551	-0.001657906614127569	1.5	1.5	4.3920994721719295e-07	4.3920994721719295e-07	8.784198885225004e-07	0.0	1.4269835313385215e-12	0	
106.08	1.8047401681542397e-05	6.858289551394136	0	0	0	0	0	0	0.09353408217430115	3.775703225983307e-05	0.10312248540549786	0.11853159242011248	1.5	1.5	1.9847966605880907e-07	1.9847966605880907e-07	3.969593343151774e-07	0.0	5.188859883892326e-15	0	
106.96	2.2619962692260742e-05	8.038965081301011	0	0	0	0	0	0	0.09289281815290451	5.376543049351312e-05	-0.0007287091152234511	-0.000828078540026649	1.4999995231628418	1.4999995231628418	6.087429490241846e-08	6.087429490241846e-08	1.2174858717605675e-07	0.0	1.3856859311136253e-17	0	
107.86	1.9279541447758675e-05	8.645590270925078	0	0	0	0	0	1	0.002393015194684267	1.358540521323448e-05	-0.10055533662024471	-0.1117281518002719	1.0768450498580933	1.0768450498580933	2.5331868851263995e-05	2.5331868851264087e-05	5.066373737941961e-05	0.0	6.598525728851485e-19	0	
108.76	1.8139835447072983e-05	7.506150789329862	0	0	0	0	0	1	0.0025886427611112595	3.312452827231027e-05	0.00021736396269665824	0.00024151551410739805	1.4892578125	1.4892578125	4.307237194442535e-05	4.307237194442534e-05	8.614474589993591e-05	0.0	1.9421341838397015e-16	1	
109.67	1.7391983419656754e-05	6.308375033403066	0	0	0	0	0	1	0.004670896101742983	2.773754022200592e-05	0.002288190484210685	0.002514495037594159	1.4997227191925049	1.4997227191925049	2.7849074165296938e-05	2.7849074165296938e-05	5.569814572258127e-05	0.0	7.658131263464305e-14	1	
110.57	2.6270747184753418e-05	5.196387790840631	0	0	0	0	0	0	0.01020712312310934	1.0135553566215094e-05	0.006151363357073731	0.0068348481745263675	1.5	1.5	9.928264552896602e-06	9.928264552896583e-06	1.9856529724662417e-05	0.0	1.978133282176664e-11	0	
111.46	1.9389670342206955e-05	4.210393140509171	0	0	0	0	0	0	0.09421802312135696	2.8858263249276206e-05	0.09439426966095238	0.1060609771471375	1.5	1.5	9.595980253952912e-07	9.595980253952948e-07	1.9191961081678638e-06	0.0	2.7623887621786025e-09	0	
112.23	1.569325104355812e-05	3.511250398967083	0	0	1	0	0	1	0.004589367657899857	-1.8764403648674488e-05	-0.116400851251243	-0.15116993668992595	1.5	1.5	4.4104813113699436e-08	4.41048131136996e-08	8.820962891322773e-08	0.0	9.501363251729344e-08	1	
113.06	2.0463019609451294e-05	2.7821825443255346	0	0	1	0	0	1	0.0023930149618536234	1.3583396139438264e-05	-0.002646208067525582	-0.0031882024909946774	1.3921364545822144	1.3921364545822144	7.884055788832347e-21	7.88405578883246e-21	1.5768141197067565e-20	0.0	3.6202141018293332e-06	1	
113.9	1.5879981219768524e-05	1.7166614423000617	0	0	1	0	0	1	0.00234221201390028	5.327897451934405e-05	-6.047969994445642e-05	-7.199964279101955e-05	1.4657858610153198	1.4657858610153198	2.7075625014842417e-17	2.707562501484261e-17	5.415125154950784e-17	0.0	0.0007161581888794899	1	
114.8	2.1150801330804825e-05	0.8085925247239591	0	1	0	0	0	1	0.002613623859360814	-3.802425635512918e-05	0.0003015687171783712	0.0003350763524204125	1.4537664651870728	1.4537664651870728	2.71489682516704e-08	2.7148968251670883e-08	5.429793577021252e-08	0.0	0.07022351026535034	1	
115.69	2.3118220269680023e-05	0.722904230557335	0	1	0	0	0	1	0.009048264473676682	1.0776199815154541e-05	0.007229933274512211	0.008123520533159788	1.4974950551986694	1.4974950551986694	0.07254065325768402	0.07254065325768438	0.14508130898983887	0.0	0.13467289507389069	1	
116.57	1.7998740077018738e-05	1.5816895664357031	0	0	1	0	0	1	0.005325539968907833	1.2910987607028801e-05	-0.004230368755419146	-0.004807237222067211	1.5	1.5	0.12083603063166515	0.12083603063166515	0.24167206504881755	0.0	0.0017846300033852458	1	
117.39	1.9945204257965088e-05	2.661954593657103	0	0	1	0	0	1	0.003278633113950491	-1.1158243978570681e-05	-0.002496227871899198	-0.003044180331584388	1.5	1.5	0.02830187749308135	0.02830187749308135	0.05660375353139426	0.0	8.686095497978386e-06	1	
118.26	1.9244849681854248e-05	3.8903337551146286	0	0	0	0	0	1	0.0023930147290229797	1.358138797513675e-05	-0.0010179521665833462	-0.0011700599615900532	1.5	1.5	0.004807763679865963	0.00480776367986596	0.009615527412835723	0.0	1.996881060506439e-08	1	
119.15	1.799594610929489e-05	3.5175100683354783	0	0	1	0	0	1	0.00898379273712635	3.6850131436949596e-05	0.007405368548430754	0.00832063881846152	1.4220696687698364	1.4220696687698364	2.688304745888801e-26	2.688304745888686e-26	2.688304745888801e-26	0.0	1.1804895905243029e-07	1	
120.07	1.752842217683792e-05	3.0746233553780886	0	0	1	0	0	1	0.00467089656740427	2.7733101887861267e-05	-0.00468793061926313	-0.005095576760068619	1.4758081436157227	1.4758081436157227	6.842488929897117e-20	6.842488929897215e-20	1.368497736325434e-19	0.0	9.99664166556613e-07	1	
120.95	2.5317538529634476e-05	3.076059392809641	0	0	1	0	0	1	0.006038988009095192	2.7131118258694187e-05	0.0015546493655578656	0.0017666470063157564	1.4395965337753296	1.4395965337753296	1.4594760979446857e-12	1.4594760979446857e-12	2.9189521926106428e-12	0.0	1.0263316880809725e-06	1	
121.83	1.9348226487636566e-05	3.497246280560404	0	0	1	0	0	1	0.009826429188251495	3.5555662179831415e-05	0.004303910430859436	0.0048908073077948136	1.4912399053573608	1.4912399053573608	2.5663159902413523e-09	2.5663159902413345e-09	5.132631816754585e-09	0.0	1.453106648341418e-07	1	
122.67	1.6841571778059006e-05	4.1692491460091565	0	0	0	0	0	1	0.004243172705173492	3.109480530838482e-05	-0.006646733908426194	-0.007912778462412135	1.4997013807296753	1.4997013807296753	1.2958198254472664e-07	1.2958198254472664e-07	2.5916395969324513e-07	0.0	4.563747157959597e-09	0	
123.52	2.1778512746095657e-05	5.048616016847026	0	0	0	0	0	0	0.09178177267313004	8.315930244862102e-06	0.10298658819759593	0.12116069199717168	1.4999905824661255	1.4999905824661255	4.6738685336885e-07	4.6738685336885e-07	9.347737079212374e-07	0.0	4.872369174790947e-11	0	
124.37	1.6946811228990555e-05	6.054819124142132	0	0	0	0	0	1	0.005036590620875359	2.3312377379625104e-05	-0.10205315535559374	-0.12006253571246323	1.49997878074646	1.49997878074646	4.1257372104703356e-07	4.125737210470328e-07	8.251474331300644e-07	0.0	2.974121057937318e-13	0	
125.3	1.8140766769647598e-05	7.24345758444929	0	0	0	0	0	1	0.0026976335793733597	6.857525931991404e-06	-0.0025150075715075254	-0.0027043092166747582	1.5	1.5	1.6694637044883644e-07	1.6694637044883583e-07	3.338927489480695e-07	0.0	7.50990687161773e-16	0	
126.19	2.488028258085251e-05	8.435490522624999	0	0	0	0	0	1	0.005032165441662073	2.174773908336647e-05	0.0026230695081895655	0.0029472691103253545	1.5	1.5	4.740580582500006e-08	4.7405805824999895e-08	9.481161132833113e-08	0.0	1.8994829647463443e-18	0	
126.9	1.5062745660543442e-05	8.5377203758597	0	0	0	0	0	1	0.002439591335132718	4.667124085244723e-05	-0.0036515128260976833	-0.005142975811405188	1.2055119276046753	1.2055119276046753	4.021629893476326e-05	4.021629893476326e-05	8.043259759223272e-05	0.0	1.1300102974353488e-18	0	
127.73	2.0666047930717468e-05	7.494435525885004	0	0	0	0	0	0	0.01010013185441494	3.5670407669385895e-05	0.009229566890701472	0.011119960109278883	1.4861136674880981	1.4861136674880981	5.513707301377333e-05	5.513707301377333e-05	0.00011027414884681828	0.0	2.0585551566706608e-16	0	
128.53	1.5101861208677292e-05	6.450756196494693	0	0	0	0	0	1	0.005036590620875359	2.3308370145969093e-05	-0.006329426541924477	-0.007911783177405596	1.4998657703399658	1.4998657703399658	2.5115849447344688e-05	2.5115849447344688e-05	5.0231698431914e-05	0.0	3.759115618068819e-14	0	
129.39	1.6597099602222443e-05	5.3824817735818735	0	0	0	0	0	1	0.004041861742734909	3.8346175301740004e-07	-0.001156661486209825	-0.0013449552165230524	1.499841332435608	1.499841332435608	9.156290599675242e-06	9.156290599675242e-06	1.8312581216049705e-05	0.0	7.798170963135842e-12	0	
130.27	2.5134533643722534e-05	4.380468057122511	0	0	0	0	0	1	0.006205852143466473	3.4250390399392927e-06	0.002459080000831322	0.0027944090918537753	1.5	1.5	1.0602584254025953e-06	1.0602584254025989e-06	2.120516766970128e-06	0.0	1.1770500130126038e-09	0	
131.18	1.9439496099948883e-05	3.5217047026558763	0	0	1	0	0	0	0.09356740117073059	2.0582125216606073e-05	0.09600170222776276	0.10549637607446456	1.5	1.5	2.7163713672771346e-08	2.716371367277144e-08	5.432742850579417e-08	0.0	9.024041247585046e-08	0	
132.14	2.1141953766345978e-05	2.615425304948192	0	0	1	0	0	0	0.09095631539821625	2.2650472601526417e-05	-0.0027198810130357742	-0.0028332093885789318	1.4365923404693604	1.4365923404693604	2.7435449041613588e-21	2.7435449041613588e-21	5.4872240341785826e-21	0.0	8.287476703117136e-06	0	
132.92	1.9200611859560013e-05	1.6514537367719857	0	0	1	0	0	0	0.09209476411342621	2.7477917683427222e-05	0.0014595496348845651	0.0018712174806212374	1.49264657497406	1.49264657497406	5.0349224840009997e-17	5.034922484001036e-17	1.0069845141158171e-16	0.0	0.0009889941429719329	0	
133.76	1.6996171325445175e-05	0.8143649177384789	0	1	0	0	0	1	0.0029029001016169786	4.5962533476995304e-05	-0.10618079049024909	-0.12640570296458226	1.4655158519744873	1.4655158519744873	8.900747217493215e-08	8.900747217493278e-08	1.7801494379026432e-07	0.0	0.06893317401409149	1	
134.61	1.5869736671447754e-05	0.6693596846172924	0	1	0	0	0	1	0.008905299007892609	1.4843777535133995e-05	0.007061645772088977	0.008307818555398796	1.4615408182144165	1.4615408182144165	0.11575588919419966	0.11575588919419966	0.23151177503366194	0.0	0.17662321031093597	0	
135.44	2.3879576474428177e-05	1.3733452014950207	0	0	1	0	0	1	0.005892007611691952	4.223210271447897e-05	-0.0036304715616875386	-0.004374062122515107	1.5	1.5	0.20322968917912795	0.20322968917912795	0.40645938473767596	0.0	0.005102607887238264	1	
136.22	1.5226192772388458e-05	2.412729230589232	0	0	1	0	0	1	0.0027126625645905733	1.3441587725537829e-05	-0.004076083393719716	-0.005225747940666302	1.4999991655349731	1.4999991655349731	0.033128443731653655	0.033128443731653655	0.0662568878370404	0.0	3.0717917979927734e-05	0	
136.87	1.507950946688652e-05	3.3575201121888707	0	0	1	0	0	1	0.009636172093451023	3.549663961166516e-05	0.010651553121323768	0.016387004802036566	1.4999654293060303	1.4999654293060303	0.008064349455781036	0.008064349455781036	0.01612869863773113	0.0	2.8424838660612295e-07	1	
137.68	1.7706770449876785e-05	3.8123507453172287	0	0	0	0	0	1	0.002613623393699527	-3.80260098609142e-05	-0.008669813209569747	-0.010703473098234256	1.1622166633605957	1.1622166633605957	2.939958329245981e-19	2.9399583292459603e-19	5.879916683045534e-19	0.0	2.8817625619126375e-08	1	
138.52	2.0948238670825958e-05	3.28702664211037	0	0	1	0	0	1	0.009851458482444286	4.215267108520493e-05	0.008616470343743762	0.010257702790171146	1.4897204637527466	1.4897204637527466	2.31532279136417e-25	2.31532279136417e-25	2.31532279136417e-25	0.0	3.574008644591231e-07	1	
139.36	1.7451122403144836e-05	3.0503402890046476	0	0	1	0	0	0	0.09353408217430115	3.773083153646439e-05	0.09962217106173436	0.11859782269254092	1.5	1.5	1.6269146691727292e-17	1.6269146691727292e-17	3.2538293798097854e-17	0.0	1.127578229898063e-06	1	
140.22	2.1540094166994095e-05	3.2327699116978823	0	0	1	0	0	1	0.0032879181671887636	-1.5023886589915492e-05	-0.10493740000827022	-0.12202023256775607	1.4501729011535645	1.4501729011535645	4.780585894480415e-11	4.780585894480415e-11	9.561171890991516e-11	0.0	4.889804472441028e-07	1	
141.06	1.7125625163316727e-05	3.7770816887030954	0	0	0	0	0	0	0.09391316026449203	2.601454616524279e-05	0.10788719297298009	0.12843713449164298	1.4992833137512207	1.4992833137512207	7.272388895541357e-09	7.272388895541357e-09	1.4544777808834429e-08	0.0	3.815820903696476e-08	1	
141.88	1.482199877500534e-05	4.498542181716603	0	0	0	0	0	0	0.09405315667390823	-9.216861371896812e-07	0.00017072732855633992	0.0002082040592150487	1.5	1.5	1.7672648022759676e-07	1.7672648022759676e-07	3.534529678937979e-07	0.0	8.417574415275908e-10	1	
142.68	2.3410189896821976e-05	5.357137031169817	0	0	0	0	0	1	0.0026751228142529726	5.0722897867672145e-05	-0.11422254232456908	-0.14277817790571135	1.5	1.5	3.634877819555049e-07	3.634877819555036e-07	7.269755818147905e-07	0.0	1.0292572349968054e-11	1	
143.46	1.4709774404764175e-05	6.2916712562037445	0	0	0	0	0	1	0.0025192571338266134	-1.5031007933430374e-05	-0.0001998277954184092	-0.0002561894813056528	1.5	1.5	3.343350482900372e-07	3.3433504829003784e-07	6.686701039306594e-07	0.0	9.090748580341604e-14	1	
144.21	1.8833670765161514e-05	7.2292971170211695	0	0	0	0	0	1	0.003663337090983987	3.3064767194446176e-05	0.001525439942876498	0.0020339199238353306	1.499988079071045	1.499988079071045	2.272358562459259e-07	2.272358562459259e-07	4.5447171482012995e-07	0.0	8.100905581718697e-16	1	
145.01	1.3839919120073318e-05	8.270318641884066	0	0	0	0	0	1	0.008905298076570034	1.483889082010137e-05	0.006552451231982559	0.008190564039978199	1.5	1.5	8.277698094471917e-08	8.277698094471917e-08	1.6555396621098326e-07	0.0	4.35125498574995e-18	1	
145.8	2.298271283507347e-05	8.613331533215128	0	0	0	0	0	1	0.0026751228142529726	5.072218846180476e-05	-0.007886297800401343	-0.009982655443546004	1.1394577026367188	1.1394577026367188	3.136956385912365e-05	3.136956385912359e-05	6.273912751691407e-05	0.0	7.753828727876868e-19	1	
146.71	1.9381288439035416e-05	7.446512913148899	0	0	0	0	0	1	0.008940456435084343	2.130746543116402e-05	0.006884982000913593	0.007565914286718234	1.5	1.5	3.6174490077756944e-05	3.6174490077756944e-05	7.234897972863228e-05	0.0	2.61648503876633e-16	1	
147.5	1.908373087644577e-05	6.380786319872109	0	0	0	0	0	1	0.00328791793435812	-1.502447594248224e-05	-0.007155112026235725	-0.009057103830678133	1.5	1.5	1.8421922188841307e-05	1.8421922188841307e-05	3.6843842874637374e-05	0.0	5.343006581875337e-14	0	
148.31	1.618172973394394e-05	5.323723649393591	0	0	0	0	0	1	0.009636172093451023	3.548642780515365e-05	0.007837350813694941	0.009675741745302396	1.5	1.5	1.0028501878738642e-05	1.002850187873868e-05	2.0057003371081552e-05	0.0	1.0469357152043113e-11	0	
149.14	1.565041020512581e-05	4.361759549591945	0	0	0	0	0	1	0.0020157466642558575	-5.598361894953996e-05	-0.009181235456861645	-0.011061729466098368	1.5	1.5	5.638131763198847e-06	5.638131763198807e-06	1.1276263132977269e-05	0.0	1.2873461185947122e-09	0	
149.94	2.2726133465766907e-05	3.6425502013776345	0	0	0	0	0	0	0.09421802312135696	2.8844777261838317e-05	0.11525284557137638	0.14406605696422048	1.5	1.5	4.745145256705326e-07	4.745145256705326e-07	9.49029061779005e-07	0.0	4.8439609656725224e-08	0	
150.74	1.54995359480381e-05	3.103356441078373	0	0	1	0	0	1	0.0025192571338266134	-1.5033315321488772e-05	-0.11462345748441294	-0.14327932185551617	0.9347761273384094	0.9347761273384094	8.730845922205963e-13	8.730845922205963e-13	1.7461691287461387e-12	0.0	7.362594374171749e-07	0	
151.57	0.00035198451951146126	2.2853218895706164	0	0	1	0	0	1	0.009837941266596317	4.1420335037400946e-05	0.008817691726228559	0.01062372497135971	1.1269752979278564	1.1269752979278564	2.5630441481257933e-14	2.5630441481257933e-14	5.126088427705927e-14	0.0	4.329891817178577e-05	0	
152.41	9.208917617797852e-06	1.2709272521870827	0	0	1	0	0	1	0.004484719131141901	3.624407690949738e-05	-0.006372883494588591	-0.007586766064986418	1.480586290359497	1.480586290359497	3.3147957403569795e-17	3.3147957403569795e-17	6.629591350626455e-17	0.0	0.0066422345116734505	0	
153.25	1.6265083104372025e-05	0.5201559331026024	0	1	0	0	0	1	0.009310507215559483	4.077772246091627e-06	0.005744985814782835	0.006839268827122423	1.4870054721832275	1.4870054721832275	1.1316128343895052e-06	1.1316128343895092e-06	2.2632256964714706e-06	0.0	0.3175491392612457	0	
154.07	2.7630478143692017e-05	0.7724461700337701	0	1	0	0	0	1	0.002441752003505826	4.063942833454348e-05	-0.008376530746406898	-0.010215281398057193	1.5	1.5	0.11752245521977264	0.11752245521977253	0.23504491097166855	0.0	0.1008118987083435	0	
154.89	3.5064760595560074e-05	1.686976436119883	0	0	1	0	0	0	0.09472095221281052	2.718038194871042e-05	0.1125356100113472	0.13723854879432584	1.5	1.5	0.10287917449250439	0.10287917449250439	0.20575835599675396	0.0	0.001067532692104578	0	
155.68	3.4067779779434204e-06	2.7506033802091654	0	0	1	0	0	1	0.003415027866140008	-6.964636850170791e-05	-0.11557711942616519	-0.146300151172361	1.5	1.5	0.024309046070026954	0.024309046070026954	0.048618092636513316	0.0	5.626735401165206e-06	0	
156.47	4.018191248178482e-06	3.87363091441959	0	0	0	0	0	0	0.093425452709198	2.7552328901947476e-05	0.11393724663678226	0.14422436283136994	1.5	1.5	0.004758849096748994	0.004758849096748994	0.009517698371116087	0.0	2.1724925858279676e-08	0	
157.31	2.0242761820554733e-05	3.5501758949304865	0	0	1	0	0	1	0.0059221163392066956	2.8773682061000727e-05	-0.10417063853570394	-0.12401266492345707	1.4222933053970337	1.4222933053970337	4.7280691426482743e-26	4.7280691426482743e-26	4.7280691426482743e-26	0.0	1.008888617093362e-07	1	
158.23	4.438217729330063e-06	3.1379543487470496	0	0	1	0	0	1	0.003659800859168172	3.04300101561239e-05	-0.002459038565259265	-0.0026728680057165922	1.4776864051818848	1.4776864051818848	2.3457893623179333e-20	2.345789362317983e-20	4.691579390788414e-20	0.0	7.293789394680061e-07	1	
159.12	1.2137927114963531e-05	3.1161093616537405	0	0	1	0	0	1	0.0023601881694048643	3.273467518738471e-05	-0.0014602389772621434	-0.0016407179519799364	1.4964145421981812	1.4964145421981812	1.608805920329814e-13	1.608805920329814e-13	3.2176117822974135e-13	0.0	8.380138183383679e-07	1	
159.94	2.0292121917009354e-05	3.4536382133374994	0	0	1	0	0	0	0.09202104806900024	2.8050128094037063e-05	0.1093425120726773	0.13334452691789916	1.5	1.5	1.4741078607253712e-09	1.4741078607253712e-09	2.948215696522527e-09	0.0	1.781843792514337e-07	0	
160.85	1.2109987437725067e-05	4.17025368189321	0	0	0	0	0	1	0.009851536713540554	4.2121340811718255e-05	-0.09029616632468097	-0.09922655640074832	1.5	1.5	1.3595638846162825e-07	1.3595638846162825e-07	2.71912772390343e-07	0.0	4.526572894292258e-09	1	
161.66	9.074807167053223e-06	5.008649726838315	0	0	0	0	0	0	0.09381851553916931	3.4128421248169616e-05	0.10366293682176389	0.12797893434785665	1.5	1.5	4.631924226585693e-07	4.631924226585726e-07	9.263848297549271e-07	0.0	5.962964844119512e-11	1	
162.53	1.827208325266838e-05	6.037326493905503	0	0	0	0	0	1	0.0059384871274232864	2.6946365323965438e-05	-0.1010115269100529	-0.11610520334488839	1.5	1.5	4.1824646003943473e-07	4.1824646003943627e-07	8.364929179510988e-07	0.0	3.247920866717574e-13	1	
163.37	1.490442082285881e-05	7.108782656327295	0	0	0	0	0	1	0.009636170230805874	3.391676364117302e-05	0.004402003694503081	0.005240480588694144	1.5	1.5	1.8711289224070087e-07	1.8711289224070087e-07	3.7422579519029413e-07	0.0	1.4770156075988175e-15	1	
164.17	1.394050195813179e-05	8.175387848271278	0	0	0	0	0	1	0.0016203861450776458	6.417405529646203e-05	-0.010019730107160285	-0.012524662633950356	1.5	1.5	6.257722359000757e-08	6.257722359000757e-08	1.2515445232216002e-07	0.0	7.011032325127978e-18	1	
164.93	5.409587174654007e-05	8.710645849360505	0	0	0	0	0	1	0.006305387709289789	2.6073725166497752e-05	0.006164475742384399	0.008111152292611052	0.9266189932823181	0.9266189932823181	1.731739563246364e-05	1.731739563246367e-05	3.463479139162799e-05	0.0	4.767924368459116e-19	1	
165.82	1.4290213584899902e-05	7.710313882982506	0	0	0	0	0	0	0.09099963307380676	3.954072963097133e-05	0.0951620734432775	0.10692367802615449	1.3374418020248413	1.3374418020248413	3.1864949652772766e-05	3.186494965277266e-05	6.372990052270367e-05	0.0	7.00756048266097e-17	1	
166.65	1.9902363419532776e-05	6.675090408586773	0	0	0	0	0	0	0.010014468804001808	5.5224001698661596e-05	-0.09757248707205417	-0.1175572133398243	1.4110562801361084	1.4110562801361084	2.446788720625948e-05	2.446788720625948e-05	4.893577396650828e-05	0.0	1.2299586703127825e-14	1	
167.48	1.6439706087112427e-05	5.635703861007252	0	0	0	0	0	1	0.0029235288966447115	4.7749508667038754e-05	-0.008543301093201321	-0.010293133847230507	1.4573417901992798	1.4573417901992798	2.6313700220881688e-05	2.6313700220881688e-05	5.2627399202421034e-05	0.0	2.203061734776246e-12	1	
168.24	1.5093013644218445e-05	4.7826292994283675	0	0	0	0	0	1	0.0026424438692629337	-2.8521268177428283e-05	-0.00036984872023918127	-0.00048664305294629116	1.4870518445968628	1.4870518445968628	1.0838020280920288e-05	1.0838020280920288e-05	2.167604026994374e-05	0.0	1.566281687681581e-10	0	
168.93	1.4885328710079193e-05	4.083183895734601	0	0	0	0	0	1	0.007157721556723118	2.361398219363764e-05	0.006543880706464035	0.009483885081831936	1.5	1.5	6.213677962490686e-07	6.213677962490654e-07	1.2427355996818726e-06	0.0	5.243281808731126e-09	1	
169.79	1.9516795873641968e-05	3.392137319730164	0	0	1	0	0	1	0.003242621896788478	-8.256166438513901e-06	-0.004552441465040279	-0.005293536587256138	0.41613858938217163	0.41613858938217163	1.2041440959881112e-07	1.2041440959881196e-07	2.4082880805115093e-07	0.0	1.75046977801685e-07	1	
170.76	2.127140760421753e-05	2.274153872972843	0	0	1	0	0	0	0.09207315742969513	2.595348996692337e-05	0.09157787168340892	0.09441017699320507	1.4808369874954224	1.4808369874954224	7.635086804476885e-21	7.635086804477048e-21	1.527013834175179e-20	0.0	4.521678056335077e-05	1	
171.65	1.8393155187368393e-05	1.1677540404114788	0	1	0	0	0	1	0.0036913519725203514	3.0575462005799636e-05	-0.09930539939008402	-0.11157910043829665	1.499160885810852	1.499160885810852	2.2783376988219545e-14	2.2783376988219545e-14	4.556675400698489e-14	0.0	0.011072322726249695	0	
172.5	1.3691838830709457e-05	0.5915279465013585	0	1	0	0	0	1	0.00272113224491477	3.190481834280945e-07	-0.0011414349736536252	-0.0013428646748866178	1.493540644645691	1.493540644645691	0.00021767865346303708	0.00021767865346303977	0.00043535730456026767	0.0	0.2633662223815918	0	
173.39	4.1175633668899536e-05	1.0786198444781718	0	1	0	0	0	1	0.009765109047293663	0.0001352782128378749	0.007914580676830216	0.00889278727733732	1.5	1.5	0.1601513755928043	0.16015137559280418	0.3203027529130939	0.0	0.021532125771045685	0	
174.3	3.861263394355774e-05	2.170091410035292	0	0	1	0	0	1	0.0041368743404746056	0.00020228285575285554	-0.006184873304196766	-0.006796564070545897	1.5	1.5	0.057399414796988214	0.05739941479698824	0.11479882927672072	0.0	9.808071627048776e-05	0	
175.17	4.73768450319767e-05	3.3678784902622674	0	0	1	0	0	0	0.010495029389858246	3.4767781471600756e-05	0.0073082241946938395	0.00840025769505039	1.5	1.5	0.01024413596486744	0.01024413596486744	0.020488272641059724	0.0	2.6531031949161843e-07	0	
175.97	4.9338676035404205e-05	3.824057205354836	0	0	0	0	0	1	0.001663715927861631	-4.6685392590006813e-05	-0.011039141827495769	-0.01379892728436971	1.15144681930542	1.15144681930542	9.00937541866861e-20	9.00937541866861e-20	1.801875070831372e-19	0.0	2.7108798761332764e-08	0	
176.77	2.693384885787964e-05	3.283851405109875	0	0	1	0	0	1	0.009914988651871681	4.399123281473294e-05	0.010314090905012563	0.012892613631265704	1.4708329439163208	1.4708329439163208	3.7289199090655696e-25	3.7289199090655696e-25	3.7289199090655696e-25	0.0	3.6456071939028334e-07	0	
177.49	2.9194634407758713e-05	3.0078239300721763	0	0	1	0	0	1	0.005622972268611193	4.264275776222348e-05	-0.005961133865639567	-0.008279352591166066	1.4516229629516602	1.4516229629516602	5.860743364935559e-18	5.860743364935559e-18	1.172148674971872e-17	0.0	1.3929907254350837e-06	0	
177.53	7.511116564273834e-07	3.000393401891774	0	0	1	0	0	1	0.006374318152666092	2.5899930733430665e-06	0.01878364710137248	0.469591177534312	1.4504319429397583	1.4504319429397583	1.3758406845633802e-17	1.3758406845633997e-17	2.751681429308338e-17	0.0	1.4455434893534402e-06	0	
177.53	0.0	3.000393401891774	0	0	1	0	0	1	0.006374318152666092	2.5899930733430665e-06	0.0	0.0	1.4504319429397583	1.4504319429397583	1.3758406845633802e-17	1.3758406845633997e-17	2.751681429308338e-17	0.0	1.4455434893534402e-06	0	
177.53	0.0	3.000393401891774	0	0	1	0	0	1	0.006374318152666092	2.5899930733430665e-06	0.0	0.0	1.4504319429397583	1.4504319429397583	1.3758406845633802e-17	1.3758406845633997e-17	2.751681429308338e-17	0.0	1.4455434893534402e-06	0	
177.53	0.0	3.000393401891774	0	0	1	0	0	1	0.006374318152666092	2.5899930733430665e-06	0.0	0.0	1.4504319429397583	1.4504319429397583	1.3758406845633802e-17	1.3758406845633997e-17	2.751681429308338e-17	0.0	1.4455434893534402e-06	0	
