time_stamps	cumulative_heading_changes	avg_distance_to_closest_person	intimate_space_intrusions	personal_space_intrusions	social_space_intrusions	robot_on_person_collision	person_on_robot_collision	time_not_moving	avg_robot_linear_speed	avg_robot_angular_speed	avg_acceleration	avg_overacceleration	avg_pedestrian_velocity	avg_closest_pedestrian_velocity	social_force_on_agents	social_force_on_robot	social_work	obstacle_force_on_robot	obstacle_force_on_agents	behavior_active	
0.0	0.0	2.0093461209127215	0	0	1	0	0	0	0.09353408217430115	3.784586442634463e-05	0.0	0.0	0.6000000238418579	0.6000000238418579	0.0008868744136863681	0.0008868744136863681	0.001773748861728731	0.0	0.0002361965598538518	1	
0.84	2.1104468032717705e-05	2.0822316031310035	0	0	1	0	0	0	0.09209476411342621	2.7494454116094857e-05	-0.0017134738819939751	-0.002039849859516637	0.6329420208930969	0.6329420208930969	0.0020909107996979425	0.0020909107996979425	0.004181821714983292	0.0	0.00018049191567115486	0	
1.6400000000000001	1.553562469780445e-05	2.15523991282701	0	0	1	0	0	1	0.002588641596958041	3.3226537198061123e-05	-0.11188265314558521	-0.1398533164319815	0.6392117738723755	0.6392117738723755	0.004043164325123099	0.004043164325123099	0.008086328522478608	0.0	0.00010270279744872823	0	
2.45	1.9897008314728737e-05	2.2329643691130636	0	0	1	0	0	0	0.010036115534603596	3.429316348046996e-05	0.009194412268698215	0.011351126257652118	0.6000000238418579	0.6000000238418579	0.005373724330968358	0.005373724330968358	0.010747448601580358	0.0	6.177277828101069e-05	1	
3.29	1.91335566341877e-05	2.286806136219444	0	0	1	0	0	1	0.0029469539877027273	4.290442666388117e-05	-0.008439478032024843	-0.010046997657172433	1.4410289525985718	1.4410289525985718	0.08827755289640779	0.08827755289640779	0.17655510144796724	0.0	4.2210391256958246e-05	0	
4.13	1.7538550309836864e-05	2.675102571947069	0	0	1	0	0	1	0.009590492583811283	3.3064319723052904e-05	0.007908974519176852	0.00941544585616292	1.498669147491455	1.498669147491455	0.07402600240706553	0.07402600240706556	0.1480520058870231	0.0	5.931102805334376e-06	0	
4.95	2.0709121599793434e-05	3.4011555916293945	0	0	1	0	0	1	0.006230748724192381	8.34946877148468e-06	-0.004097248609291344	-0.0049966446454772495	1.4999828338623047	1.4999828338623047	0.014793382408890023	0.014793382408890023	0.02958676536646773	0.0	1.6612014519523655e-07	0	
5.77	1.5356694348156452e-05	4.32531384293124	0	0	0	0	0	1	0.006999218370765448	4.8011082981247455e-05	0.0009371581055769107	0.0011428757385084278	1.4999994039535522	1.4999994039535522	0.0024609504341121962	0.002460950434112198	0.004921900954001789	0.0	1.7692763920607035e-09	0	
6.58	2.1090148948132992e-05	4.371693327768916	0	0	0	0	0	1	0.003294468391686678	-5.13660088472534e-05	-0.004573765406270086	-0.00564662395835813	1.3407347202301025	1.3407347202301025	9.7939319782916e-21	9.793931978291393e-21	1.9587893410380797e-20	0.0	1.3696251910388924e-09	0	
7.36	1.6770558431744576e-05	3.9798147019719066	0	0	0	0	0	1	0.0027134448755532503	2.6771844204631634e-05	-0.0007449019437608046	-0.0009550024920010315	1.4748587608337402	1.4748587608337402	7.30688668307863e-25	7.306886683078525e-25	7.30688668307863e-25	0.0	8.977209198235414e-09	0	
8.15	1.958583015948534e-05	3.8459314635554636	0	0	0	0	0	1	0.005172306671738625	5.09893216076307e-05	0.0031124832863106003	0.003939852261152658	1.5	1.5	3.323031653019388e-20	3.323031653019434e-20	6.646063358476386e-20	0.0	1.6939290858886125e-08	0	
8.92	1.4523160643875599e-05	4.018597660219433	0	0	0	0	0	1	0.002588641596958041	3.3219628676306456e-05	-0.0033554091880267315	-0.004357674270164587	1.5	1.5	3.3060160352895403e-15	3.3060160352895403e-15	6.612032003476937e-15	0.0	7.2502648329475505e-09	0	
9.73	1.989456359297037e-05	4.458235399979632	0	0	0	0	0	0	0.010036115534603596	3.4292588679818437e-05	0.009194412268698215	0.011351126257652118	1.5	1.5	7.1823616418007825e-12	7.1823616418007825e-12	1.4364723551880486e-11	0.0	8.566810039134509e-10	0	
10.49	1.6720499843358994e-05	4.980449199829798	0	0	0	0	0	1	0.005325539968907833	1.299204996030312e-05	-0.0061981257443365296	-0.008155428610969118	0.37337690591812134	0.37337690591812134	9.076719657571932e-05	9.076719657571932e-05	0.00018153439673881922	0.0	6.81650083600438e-11	0	
11.25	1.9081286154687405e-05	4.219886981981319	0	0	0	0	0	0	0.010100132785737514	3.5680353903444484e-05	0.006282358969512738	0.008266261801990445	1.4493896961212158	1.4493896961212158	0.0024159019501847536	0.002415901950184749	0.004831803698648265	0.0	3.2435711894152064e-09	0	
12.05	1.513876486569643e-05	3.273176691400246	0	0	1	0	0	1	0.005036588758230209	2.3420145225827582e-05	-0.006329430034384131	-0.007911787542980164	1.4980612993240356	1.4980612993240356	0.022827083234022133	0.02282708323402215	0.04565416461629676	0.0	4.337852317348734e-07	0	
12.84	1.9826926290988922e-05	2.491863531599628	0	0	1	0	0	0	0.0930158942937851	2.2725356757291593e-05	0.11136620953867707	0.1409698854919963	1.499914288520813	1.499914288520813	0.18004960729039968	0.18004960729039954	0.36009920550741015	0.0	2.098265031236224e-05	0	
13.63	1.723412424325943e-05	2.2305638811839557	0	0	1	0	0	1	0.00964055210351944	2.692411726457067e-05	-0.10553840783577931	-0.13359292131111306	0.5831891298294067	0.5831891298294067	0.0077522259546708334	0.0077522259546708334	0.015504452154625582	0.0	7.033091969788074e-05	1	
14.45	1.8826453015208244e-05	2.249501660408939	0	0	1	0	0	1	0.003893323475494981	-3.0545917979907244e-05	-0.0070088154000298285	-0.008547335853694913	0.5984887480735779	0.5984887480735779	0.007949210072673601	0.007949210072673603	0.015898419844723982	0.0	6.195345486048609e-05	1	
15.28	1.91141152754426e-05	2.2498068855340296	0	0	1	0	0	1	0.0027032275684177876	5.581454752245918e-05	-0.0014338504904544498	-0.0017275307113909036	0.6658397316932678	0.6658397316932678	0.005558970929602448	0.005558970929602455	0.01111794177956349	0.0	6.17087134742178e-05	0	
16.09	1.3745739124715328e-05	2.249904870832708	0	0	1	0	0	1	0.009551732800900936	3.8718641008017585e-05	0.008454944731460677	0.010438203372173676	0.6000000238418579	0.6000000238418579	0.0016519054541677969	0.0016519054541677982	0.003303810931214763	0.0	6.341524567687884e-05	1	
16.88	2.321600914001465e-05	2.237805278743102	0	0	1	0	0	0	0.09219668805599213	4.249330595484935e-05	0.10461386741150783	0.1324226169765922	0.1467157006263733	0.1467157006263733	2.048630320026059e-05	2.048630320026059e-05	4.097260769306667e-05	0.0	7.042523066047579e-05	1	
17.73	1.7264974303543568e-05	2.1328323011142514	0	0	1	0	0	1	0.007123892195522785	2.2699005057802424e-05	-0.10008564218878746	-0.11774781433974996	0.2558462917804718	0.2558462917804718	1.5409509785319513e-05	1.5409509785319513e-05	3.081902030979732e-05	0.0	0.00011650471424218267	1	
18.49	1.904577948153019e-05	2.0702251420642277	0	0	1	0	0	1	0.009856010787189007	2.2800029910285957e-05	0.003594892883771344	0.00473012221548861	0.2753600776195526	0.2753600776195526	2.593547243563536e-05	2.5935472435635404e-05	5.187094531251661e-05	0.0	0.00015609351976308972	1	
19.33	1.6299192793667316e-05	2.039362551219855	0	0	1	0	0	1	0.005036588758230209	2.341318213439081e-05	-0.005737407177331902	-0.006830246639680836	0.3124145269393921	0.3124145269393921	3.96800999010829e-05	3.9680099901083045e-05	7.936020050015391e-05	0.0	0.00017873462638817728	1	
20.2	1.668685581535101e-05	2.043320048485497	0	0	1	0	0	0	0.09405301511287689	-8.519708671883564e-07	0.10231773144212263	0.11760658786450877	0.3748359680175781	0.3748359680175781	5.54049601141374e-05	5.54049601141374e-05	0.00011080992215462134	0.0	0.0001731065276544541	1	
21.02	2.396339550614357e-05	2.038302334999293	0	0	1	0	0	1	0.0023451412562280893	1.0694044249248691e-05	-0.11183887055688879	-0.13638886653279123	0.3733377456665039	0.3733377456665039	0.00012650766994955204	0.00012650766994955228	0.00025301534161588363	0.0	0.00017747860692907125	1	
21.87	1.7544254660606384e-05	2.029360704642116	0	0	1	0	0	1	0.0024395904038101435	4.677235119743273e-05	0.00011111664421418135	0.00013072546378138983	0.4033917486667633	0.4033917486667633	0.0002293339892940483	0.00022933398929404872	0.0004586679823415241	0.0	0.00018812423513736576	1	
22.73	2.1611573174595833e-05	2.0448073282162538	0	0	1	0	0	0	0.01002248004078865	5.450364187709056e-05	0.008817313531370358	0.01025269015275623	0.4316190481185913	0.4316190481185913	0.00036381888592084495	0.00036381888592084495	0.000727637779595606	0.0	0.00017982588906306773	1	
23.52	1.5433644875884056e-05	2.094902901101101	0	0	1	0	0	1	0.002902897307649255	4.605993308359757e-05	-0.009012130041948601	-0.01140775954677038	0.5083107352256775	0.5083107352256775	0.0005264434278141222	0.0005264434278141222	0.0010528868426698706	0.0	0.00014785600069444627	1	
24.36	1.5477649867534637e-05	2.165561746044389	0	0	1	0	0	0	0.09405301511287689	-8.541941838302591e-07	0.10851204500622338	0.12918100595978974	0.6321820020675659	0.6321820020675659	0.0010840369477016405	0.0010840369477016405	0.0021680739563969447	0.0	0.00011538750550244004	0	
25.22	2.5074928998947144e-05	2.244229606373833	0	0	1	0	0	1	0.0032954979687929153	2.159575160476379e-05	-0.10553199667916742	-0.12271162404554352	0.6418220400810242	0.6418220400810242	0.0023481057334051804	0.0023481057334051804	0.00469621138938827	0.0	7.171054312493652e-05	0	
26.03	1.6696052625775337e-05	2.2504047467151573	0	0	1	0	0	1	0.0065771182999014854	2.6067689759656787e-05	0.004051383124825395	0.005001707561512833	0.8594809770584106	0.8594809770584106	0.012331874600310122	0.012331874600310124	0.02466374871011475	0.0	5.854372648173012e-05	0	
26.81	1.8590595573186874e-05	2.2505400827151028	0	0	1	0	0	0	0.09178177267313004	8.336711289302912e-06	0.10923673637593403	0.14004709791786416	0.6680683493614197	0.6680683493614197	0.014873712059535336	0.014873712059535336	0.02974742438314135	0.0	5.338182018022053e-05	0	
27.61	1.5254132449626923e-05	2.3144978195700596	0	0	1	0	0	1	0.006999216973781586	4.7997273213695735e-05	-0.10597819462418556	-0.13247274328023195	1.1273835897445679	1.1273835897445679	0.05847720503831809	0.05847720503831809	0.116954413056621	0.0	3.625500903581269e-05	0	
28.41	2.1646497771143913e-05	2.6952309737471953	0	0	1	0	0	0	0.01020712312310934	1.0140467566088773e-05	0.004009882686659694	0.005012353358324617	1.4775965213775635	1.4775965213775635	0.06545523617069861	0.0654552361706986	0.13091047171156545	0.0	5.376755780162057e-06	0	
29.26	1.7859507352113724e-05	3.468602070630351	0	0	1	0	0	0	0.09356740117073059	2.063739339064341e-05	0.09807091535014265	0.11537754747075606	1.499302864074707	1.499302864074707	0.01277379854602883	0.01277379854602883	0.025547597324681974	0.0	1.1938129773625406e-07	0	
30.05	1.8090009689331055e-05	4.372641494886713	0	0	0	0	0	1	0.0038933237083256245	-3.0551447707694024e-05	-0.11351149045874045	-0.14368543096043096	1.4999722242355347	1.4999722242355347	0.0022588980307808957	0.0022588980307808957	0.004517796022631868	0.0	1.403460903048881e-09	0	
30.87	1.8537510186433792e-05	4.359132167502039	0	0	0	0	0	1	0.00982738472521305	4.6492237743223086e-05	0.007236659776691984	0.00882519484962437	1.362738013267517	1.362738013267517	3.513115315025363e-21	3.513115315025363e-21	7.026324244361398e-21	0.0	1.4527998803970377e-09	0	
31.66	1.291697844862938e-05	3.9873622950215113	0	0	0	0	0	1	0.0026596500538289547	-1.4649724107584916e-05	-0.009073081862511514	-0.011484913750014574	1.4272488355636597	1.4272488355636597	3.961226260839141e-24	3.961226260839141e-24	3.961226260839141e-24	0.0	8.63270255280213e-09	0	
32.45	2.3574568331241608e-05	3.8413972785072366	0	0	0	0	0	1	0.006338581442832947	2.5627476134104654e-05	0.00465687517595442	0.005894778703739772	1.482777714729309	1.482777714729309	7.335469815986865e-20	7.335469815986916e-20	1.4670939799849792e-19	0.0	1.7332348889453897e-08	0	
33.24	1.521548256278038e-05	4.000793619587189	0	0	0	0	0	0	0.0938190147280693	3.437981285969727e-05	0.11073472567751437	0.14017053883229666	1.4988293647766113	1.4988293647766113	4.727526851931481e-15	4.727526851931481e-15	9.455053629233542e-15	0.0	7.933635082224555e-09	0	
34.02	1.994892954826355e-05	4.4264041317243485	0	0	0	0	0	1	0.0023930189199745655	1.3613910596177448e-05	-0.11721281513858299	-0.15027283992126023	1.4740726947784424	1.4740726947784424	9.908512390353628e-12	9.908512390353628e-12	1.981702476899606e-11	0.0	9.999066019616976e-10	0	
34.82	1.3132113963365555e-05	4.987371032746789	0	0	0	0	0	1	0.002697634743526578	6.882895377202658e-06	0.00038076977944001555	0.00047596222430001944	0.32581743597984314	0.32581743597984314	5.757746830350227e-05	5.7577468303502294e-05	0.0001151549367001324	0.0	6.579609773682549e-11	0	
35.65	2.4295412003993988e-05	4.154068661885048	0	0	0	0	0	1	0.00994907133281231	7.658046342839953e-06	0.008736670589500882	0.010526109143976968	1.4529438018798828	1.4529438018798828	0.0027362758767169384	0.002736275876716931	0.0054725516595256	0.0	4.541355291820537e-09	0	
36.43	1.5976140275597572e-05	3.240395117876149	0	0	1	0	0	1	0.0065771182999014854	2.6057465220219456e-05	-0.00432301670886003	-0.005542329113923116	1.4967620372772217	1.4967620372772217	0.024782275074565048	0.024782275074564982	0.04956455085560047	0.0	5.170280701349839e-07	0	
37.26	2.0227627828717232e-05	2.4385287705689245	0	0	1	0	0	1	0.0032879204954952	-1.5015533790574409e-05	-0.003962888920971428	-0.004774564965025817	1.5	1.5	0.20384356939505707	0.20384356939505716	0.4076871331901468	0.0	2.693991336855106e-05	0	
38.07	1.6218284144997597e-05	2.2477651624562474	0	0	1	0	0	1	0.009636171162128448	3.558462776709348e-05	0.007837346502016356	0.009675736422242414	0.6000000238418579	0.6000000238418579	0.007823518431185748	0.007823518431185748	0.015647036908566024	0.0	6.410066998796538e-05	1	
38.92	1.5742843970656395e-05	2.250215729334546	0	0	1	0	0	1	0.004041988868266344	4.354716338639264e-07	-0.006581390933955417	-0.007742812863476961	0.5971762537956238	0.5971762537956238	0.006432020985442685	0.006432020985442685	0.012864042022186804	0.0	6.154811126179993e-05	1	
39.75	2.439785748720169e-05	2.250768986227589	0	0	1	0	0	1	0.005892006680369377	4.224764779792167e-05	0.0022289371230157025	0.002685466413271931	0.973285973072052	0.973285973072052	0.012160776885170305	0.012160776885170324	0.024321553999502026	0.0	6.182979996083304e-05	0	
40.61	1.7644371837377548e-05	2.239287695890178	0	0	1	0	0	1	0.007123891729861498	2.267686795676127e-05	0.0014324244761536287	0.0016656098559925917	0.3158431351184845	0.3158431351184845	5.011759367720615e-06	5.011759367720615e-06	1.0023519007903914e-05	0.0	6.961417238926515e-05	1	
41.42	1.999759115278721e-05	2.1453908629188883	0	0	1	0	0	1	0.0032879204954952	-1.5015872122603469e-05	-0.0047357669560077744	-0.005846625871614536	0.2866476774215698	0.2866476774215698	1.402030337475276e-05	1.402030337475276e-05	2.8040607126502212e-05	0.0	0.00010843911150004715	1	
42.23	1.6217119991779327e-05	2.040160014167731	0	0	1	0	0	1	0.009636171162128448	3.558092794264667e-05	0.007837346502016356	0.009675736422242414	0.29749369621276855	0.29749369621276855	3.037445940704633e-05	3.037445940704633e-05	6.074891944577534e-05	0.0	0.00017987884348258376	1	
43.02	1.8476508557796478e-05	1.930474587828713	0	0	1	0	0	1	0.0028565337415784597	-2.1475489120348357e-05	-0.00858181951968353	-0.010863062683143708	0.33174532651901245	0.33174532651901245	5.8852210411577584e-05	5.8852210411577584e-05	0.00011770441930625505	0.0	0.0003066681092604995	1	
43.87	1.9975006580352783e-05	1.8513358791355516	0	0	1	0	0	0	0.09421802312135696	2.888251401600428e-05	0.1074841051526806	0.12645188841491836	0.3409879505634308	0.3409879505634308	0.00013611170675838412	0.0001361117067583839	0.00027222340964479415	0.0	0.00045171743840910494	1	
44.69	1.689535565674305e-05	1.8449023674020109	0	0	1	0	0	1	0.009590493515133858	3.303411722299643e-05	-0.10320430439783307	-0.12585890780223546	0.3788650333881378	0.3788650333881378	0.00020866889808350905	0.00020866889808350946	0.00041733778907475724	0.0	0.0004679084231611341	1	
45.55	2.1644867956638336e-05	1.8849720390120526	0	0	1	0	0	1	0.0059385462664067745	2.7032283469452523e-05	-0.0042464502892175385	-0.004937732894438998	0.43396562337875366	0.43396562337875366	0.000310401715081432	0.000310401715081432	0.000620803438335904	0.0	0.00039078135159797966	1	
46.36	1.582014374434948e-05	1.9352102171385552	0	0	1	0	0	1	0.0025886420626193285	3.3184041967615485e-05	-0.004135684202206723	-0.005105782965687313	0.5000929832458496	0.5000929832458496	0.00048312453639451857	0.00048312453639451857	0.0009662490824027031	0.0	0.0003176144964527339	1	
47.18	1.9881874322891235e-05	2.0009463765334194	0	0	1	0	0	0	0.010036115534603596	3.42896455549635e-05	0.009082284721932034	0.011075956977965897	0.6000000238418579	0.6000000238418579	0.0009557576646432262	0.0009557576646432262	0.001911515349648891	0.0	0.00025047914823517203	1	
47.98	1.8183374777436256e-05	2.072369985283371	0	0	1	0	0	0	0.09356740117073059	2.0627099729608744e-05	0.10441410704515874	0.13051763380644843	0.6000000238418579	0.6000000238418579	0.0021209294310621045	0.0021209294310621024	0.004241858968403104	0.0	0.00018484049360267818	1	
48.77	1.808488741517067e-05	2.14702625666444	0	0	1	0	0	1	0.003893323941156268	-3.055807974305935e-05	-0.11351149016401813	-0.14368543058736472	0.6000000238418579	0.6000000238418579	0.003421507546627271	0.003421507546627271	0.006843014856749523	0.0	0.00010555899643804878	1	
49.62	1.9676517695188522e-05	2.2303720771752094	0	0	1	0	0	1	0.0023930182214826345	1.3607890650746413e-05	-0.001765065552557216	-0.0020765477088908425	0.6000000238418579	0.6000000238418579	0.005798662250350772	0.005798662250350772	0.011597324797372875	0.0	6.170982669573277e-05	1	
50.39	1.2076692655682564e-05	2.287402649439399	0	0	1	0	0	1	0.004670894704759121	2.7761818273575045e-05	0.00295828114711232	0.003841923567678337	1.4079170227050781	1.4079170227050781	0.0818543878838598	0.0818543878838598	0.16370877600165	0.0	4.221549170324579e-05	0	
51.16	2.3005763068795204e-05	2.606855609297815	0	0	1	0	0	1	0.0026751228142529726	5.0744063628371805e-05	-0.002591911546111881	-0.003366118891054391	1.496735692024231	1.496735692024231	0.08611312839787956	0.08611312839787956	0.17222625348371023	0.0	8.320974302478135e-06	0	
51.94	1.5025492757558823e-05	3.2544685995856675	0	0	1	0	0	1	0.008918414823710918	-1.0491646662558196e-06	0.008004220524946084	0.010261821185828314	1.5	1.5	0.020178581266607296	0.020178581266607314	0.040357161923254975	0.0	3.414066043205821e-07	0	
52.71	1.9231578335165977e-05	4.0904095499942725	0	0	0	0	0	1	0.00982738472521305	4.648148751584813e-05	0.001180480391561211	0.0015330914176119623	1.5	1.5	0.0037982217604073847	0.0037982217604073847	0.007596443696856793	0.0	5.61583934910459e-09	0	
53.47	1.266971230506897e-05	4.5463341924817895	0	0	0	0	0	1	0.002015786012634635	-5.592715024249628e-05	-0.01027841935865581	-0.01352423599823133	0.9570213556289673	0.9570213556289673	5.2572686616856575e-14	5.2572686616856575e-14	1.0514537213387198e-13	0.0	5.901276689534996e-10	0	
54.25	2.2448599338531494e-05	4.220390505448606	0	0	0	0	0	1	0.0038175194058567286	2.823846079991199e-05	0.0023099146066949917	0.002961428982942297	1.3023350238800049	1.3023350238800049	4.699376983229347e-19	4.699376983229347e-19	9.39875392830196e-19	0.0	2.7834885507616036e-09	0	
55.04	1.590023748576641e-05	3.9961958866331964	0	0	0	0	0	0	0.09350654482841492	-1.84375330718467e-05	0.11353041192728884	0.14370938218644155	1.4841370582580566	1.4841370582580566	3.521624836749194e-23	3.521624836749194e-23	7.26501690325841e-23	0.0	8.080474955818318e-09	0	
55.76	1.677614636719227e-05	3.922526229449401	0	0	0	0	0	1	0.0029028980061411858	4.6031495003262535e-05	-0.12583839836426908	-0.17477555328370706	1.4997249841690063	1.4997249841690063	7.955035359438422e-18	7.955035359438422e-18	1.5910071015030293e-17	0.0	1.154912609990788e-08	0	
56.37	1.5669036656618118e-05	4.026357211625745	0	0	0	0	0	1	0.006338581442832947	2.562306690379046e-05	0.0056322679290028875	0.009233226113119488	1.4986640214920044	1.4986640214920044	2.2242618735323898e-14	2.2242618735324056e-14	4.4485238062100835e-14	0.0	7.037286753330818e-09	0	
57.14	1.4482298865914345e-05	4.492454663095906	0	0	0	0	0	1	0.002519257366657257	-1.5001672181824688e-05	-0.004960161137890506	-0.006441767711546111	1.4998937845230103	1.4998937845230103	1.3843933667877527e-11	1.3843933667877527e-11	2.768786661233482e-11	0.0	7.300928750453295e-10	0	
57.95	2.1104933694005013e-05	4.880760143468709	0	0	0	0	0	1	0.005903190467506647	4.742205419461243e-05	0.004177695186233814	0.0051576483780664375	0.8883057832717896	0.8883057832717896	0.000963774999396534	0.0009637749993965356	0.001927550032993437	0.0	1.129535215360633e-10	0	
58.81	1.629185862839222e-05	3.908062193201035	0	0	0	0	0	1	0.0069992151111364365	4.797746078111231e-05	0.0012744472600346387	0.0014819154186449287	1.4751791954040527	1.4751791954040527	0.004768443573713473	0.004768443573713473	0.009536887333244256	0.0	1.5990549329103487e-08	0	
59.67	2.071075141429901e-05	2.9374215236536756	0	0	1	0	0	1	0.0033067844342440367	-3.687067874125205e-05	-0.004293524042898139	-0.0049924698173234175	1.4983443021774292	1.4983443021774292	0.055061458832963955	0.05506145883296401	0.11012291837428476	0.0	2.564340775279561e-06	0	
60.5	2.0335428416728973e-05	2.2416164034571793	0	0	1	0	0	0	0.09421802312135696	2.887648224714212e-05	0.10953161287603967	0.13196579864583094	0.5875323414802551	0.5875323414802551	0.02333640795687687	0.02333640795687687	0.04667281475404751	0.0	6.846807082183659e-05	1	
61.32	1.625088043510914e-05	2.2490292144541453	0	0	1	0	0	0	0.0938190147280693	3.437817940721288e-05	-0.0004865956015703155	-0.0005934092702077018	0.5740119218826294	0.5740119218826294	0.00794392225012224	0.007943922250122241	0.01588784490391653	0.0	6.300317181739956e-05	1	
62.17	2.2104475647211075e-05	2.2491246400816562	0	0	1	0	0	1	0.009856010787189007	2.2794001779402606e-05	-0.09878000463632977	-0.11621177016038797	0.5975520014762878	0.5975520014762878	0.006001895972137812	0.006001895972137812	0.012003792197053793	0.0	6.18109479546547e-05	1	
62.98	1.5127472579479218e-05	2.2501350364836683	0	0	1	0	0	0	0.09109020978212357	4.982854443369433e-05	0.10028913456164759	0.12381374637240443	0.6334531307220459	0.6334531307220459	0.003346794599584877	0.0033467945995848806	0.006693589350126325	0.0	6.210515857674181e-05	0	
63.83	2.0144274458289146e-05	2.2501144300436944	0	0	1	0	0	1	0.0033067846670746803	-3.687100615934469e-05	-0.10327461778241045	-0.1214995503322476	0.5995621681213379	0.5995621681213379	0.0010397015916895637	0.0010397015916895646	0.002079403222050942	0.0	6.495334673672915e-05	1	
64.61	1.8513761460781097e-05	2.1883190239108634	0	0	1	0	0	1	0.004454180132597685	1.997037179535255e-05	0.0014710198275935955	0.0018859228558892249	0.24764284491539001	0.24764284491539001	1.0786171110103022e-05	1.078617111010308e-05	2.1572342625167803e-05	0.0	8.95261182449758e-05	1	
65.41	1.8336810171604156e-05	2.070431200433315	0	0	1	0	0	1	0.0038933244068175554	-3.056397326872684e-05	-0.0007010696572251618	-0.0008763370715314522	0.2801281213760376	0.2801281213760376	1.7451548615615023e-05	1.7451548615615023e-05	3.4903096662280286e-05	0.0	0.00015786221774760634	1	
66.23	1.8524006009101868e-05	1.9728430415734803	0	0	1	0	0	1	0.00982738472521305	4.647483365260996e-05	0.007236658924872556	0.00882519381082019	0.29409441351890564	0.29409441351890564	3.659692272655585e-05	3.6596922726555984e-05	7.319384356257425e-05	0.0	0.00025188500876538455	1	
67.04	1.3527227565646172e-05	1.908437717425579	0	0	1	0	0	0	0.09332023561000824	2.7688254704116844e-05	0.10307759368493233	0.12725628849991644	0.3146202862262726	0.3146202862262726	7.152618810221987e-05	7.152618810221987e-05	0.0001430523730131282	0.0	0.0003421989968046546	1	
67.88	2.4406472221016884e-05	1.8804505806470235	0	0	1	0	0	0	0.0918070375919342	3.4559302548586857e-06	-0.0018014262119928996	-0.0021445550142772615	0.34835147857666016	0.34835147857666016	0.0001222760562418102	0.00012227605624181022	0.00024455211827122407	0.0	0.00039049683255143464	1	
68.69	1.6812235116958618e-05	1.8949597284512176	0	0	1	0	0	1	0.007123891264200211	2.2649708625976928e-05	-0.10454709423177036	-0.12907048670588933	0.3698592782020569	0.3698592782020569	0.0001814485832639409	0.0001814485832639409	0.00036289717094603905	0.0	0.0003645466058515012	1	
69.52	2.1055806428194046e-05	1.9350278907627492	0	0	1	0	0	0	0.09289281815290451	5.3763502364745364e-05	0.10333605649241483	0.1245012728824275	0.4293054938316345	0.4293054938316345	0.0002916573809852091	0.0002916573809852091	0.0005833147531301914	0.0	0.0003040326992049813	1	
70.27	1.3819197192788124e-05	1.9822238307315216	0	0	1	0	0	1	0.00898379273712635	3.6895926314173266e-05	-0.11187870055437088	-0.14917160073916116	0.5850300788879395	0.5850300788879395	0.00029514556779537356	0.00029514556779537405	0.0005902911213320867	0.0	0.00024930009385570884	1	
71.06	1.978222280740738e-05	2.052791759298391	0	0	1	0	0	1	0.0032944674603641033	-5.137010884936899e-05	-0.007201677565521832	-0.009116047551293457	0.636758029460907	0.636758029460907	0.0007496299865646032	0.0007496299865646039	0.0014992600251910952	0.0	0.00019085504754912108	0	
71.87	1.7675338312983513e-05	2.1311020663915703	0	0	1	0	0	1	0.00964055210351944	2.6889974833466113e-05	0.007834672398957205	0.009672435060440993	0.6000000238418579	0.6000000238418579	0.0017641387303794893	0.0017641387303794893	0.00352827742523208	0.0	0.0001415590668329969	1	
72.7	1.880992203950882e-05	2.214604365349576	0	0	1	0	0	1	0.0038933244068175554	-3.056655259570107e-05	-0.006924370718917933	-0.00834261532399751	0.6000000238418579	0.6000000238418579	0.0031904100986703547	0.0031904100986703547	0.006380820189280739	0.0	7.617991650477052e-05	1	
73.57	2.095126546919346e-05	2.2498747421033056	0	0	1	0	0	1	0.009045164100825787	1.3369223779591266e-05	0.0059216548206991165	0.00680649979390703	0.6000000238418579	0.6000000238418579	0.010235281521683666	0.010235281521683666	0.020470563182836507	0.0	5.576775947702117e-05	1	
74.41	1.5440862625837326e-05	2.330029850333728	0	0	1	0	0	1	0.006999214645475149	4.7967514547053725e-05	-0.002435654113512664	-0.002899588230372219	1.3893300294876099	1.3893300294876099	0.05927426674085225	0.05927426674085229	0.11854853042083348	0.0	3.39028520102147e-05	0	
75.25	2.1298415958881378e-05	2.756052486260197	0	0	1	0	0	0	0.010036115534603596	3.428743366384879e-05	0.003615358201343389	0.00430399785874213	1.4945098161697388	1.4945098161697388	0.06820975308693326	0.06820975308693326	0.13641950552738585	0.0	3.957410172006348e-06	0	
76.09	1.9419938325881958e-05	3.473898172736879	0	0	1	0	0	1	0.003817519638687372	2.823053546308074e-05	-0.007403090352281219	-0.008813202800334785	1.4998226165771484	1.4998226165771484	0.013002512087667678	0.013002512087667678	0.02600502413287232	0.0	1.1550761058742864e-07	0	
76.9	1.5835510566830635e-05	4.3660391845212745	0	0	0	0	0	1	0.002519257366657257	-1.5009100934548769e-05	-0.0016027929284322408	-0.0019787567017681986	1.4999946355819702	1.4999946355819702	0.002207386737736477	0.002207386737736477	0.00441477351081611	0.0	1.4447343321677408e-09	0	
77.77	2.2825319319963455e-05	4.355307810651517	0	0	0	0	0	1	0.009856010787189007	2.2791848095948808e-05	0.008433049908657184	0.009693160814548487	1.3349725008010864	1.3349725008010864	2.1375491866654603e-20	2.13754918666543e-20	4.275098273071563e-20	0.0	1.4756267319171457e-09	0	
78.59	1.5842728316783905e-05	4.004561631288608	0	0	0	0	0	1	0.00898379273712635	3.68881446775049e-05	-0.001063680548856898	-0.0012971714010449977	1.4957536458969116	1.4957536458969116	4.876512791323525e-25	4.876512791323455e-25	4.876512791323525e-25	0.0	7.877486218887952e-09	0	
79.39	2.0009465515613556e-05	3.899560899837187	0	0	0	0	0	1	0.005032167304307222	2.1750764062744565e-05	-0.00493953179102391	-0.0061744147387798876	1.5	1.5	1.874400969443597e-19	1.8744009694436234e-19	3.7488018017645905e-19	0.0	1.2948243366395218e-08	0	
80.24	1.9105151295661926e-05	4.10892442642983	0	0	0	0	0	1	0.0029469551518559456	4.287533738533966e-05	-0.0024531907675897375	-0.0028861067853996913	1.5	1.5	2.742503646564768e-14	2.742503646564768e-14	5.485007272020365e-14	0.0	4.6630459493712806e-09	0	
81.0	1.7431098967790604e-05	4.55378549309283	0	0	0	0	0	1	0.002569998847320676	-1.2546644029498566e-05	-0.0004959951375464076	-0.0006526251809821152	1.5	1.5	1.6916628689401784e-11	1.6916628689401907e-11	3.3833258244898564e-11	0.0	5.382788104135727e-10	0	
81.73	1.4339573681354523e-05	4.931281682102297	0	0	0	0	0	1	0.005036589689552784	2.335338831471745e-05	0.003378891564701518	0.0046286185817829015	0.7332212328910828	0.7332212328910828	0.0006994933201374023	0.0006994933201374024	0.0013989866556973665	0.0	8.738077622583162e-11	0	
82.5	1.9341008737683296e-05	4.081379429059752	0	0	0	0	0	1	0.0032944672275334597	-5.137083644513041e-05	-0.0022624967039212005	-0.002938307407689871	1.444165587425232	1.444165587425232	0.004269424913616507	0.0042694249136165	0.00853884973952326	0.0	6.509873529125798e-09	0	
83.32	1.7891637980937958e-05	3.0961051492132676	0	0	1	0	0	1	0.0029793663416057825	3.6559322325047106e-05	-0.00038426937308253315	-0.00046862118668601605	1.4983011484146118	1.4983011484146118	0.02733985202605877	0.02733985202605877	0.05467970350976143	0.0	1.0654659945430467e-06	0	
84.16	1.7650891095399857e-05	2.3098238881414375	0	0	1	0	0	0	0.09350654482841492	-1.8448450646246783e-05	0.10777045057953469	0.12829815545182702	1.4999500513076782	1.4999500513076782	0.22707957662786654	0.22707957662786663	0.45415914692129306	0.0	5.070890983915888e-05	0	
85.01	2.188165672123432e-05	2.2501358932386393	0	0	1	0	0	1	0.009045164100825787	1.3366543498705141e-05	-0.09936633026775192	-0.11690156502088461	0.5933542847633362	0.5933542847633362	0.0071509169898815545	0.0071509169898815545	0.014301833838213245	0.0	6.366410525515676e-05	1	
85.83	1.4944933354854584e-05	2.2497104590952435	0	0	1	0	0	1	0.00665777875110507	3.276482311775908e-05	-0.0029114455484398984	-0.003550543351755974	0.6000000238418579	0.6000000238418579	0.007792780447961168	0.007792780447961168	0.015585561089427546	0.0	6.188419501995668e-05	1	
86.65	2.2117979824543e-05	2.2501457912222103	0	0	1	0	0	0	0.01020712312310934	1.013695691653993e-05	0.004328468746346671	0.0052786204223739894	0.6951250433921814	0.6951250433921814	0.00611488342302093	0.00611488342302093	0.012229766771366685	0.0	6.169275002321228e-05	0	
87.47	1.710536889731884e-05	2.250267235709015	0	0	1	0	0	1	0.00964055210351944	2.6880834411713295e-05	-0.0006909402677925622	-0.0008426100826738564	0.5990455746650696	0.5990455746650696	0.0015969931959269755	0.0015969931959269787	0.00319398638057543	0.0	6.35004325886257e-05	1	
88.32	1.7870217561721802e-05	2.2260116075094074	0	0	1	0	0	0	0.09350654482841492	-1.8450009520165622e-05	0.09866587379399468	0.11607749858117021	0.19191552698612213	0.19191552698612213	1.5413547307527203e-05	1.5413547307527203e-05	3.082709416949148e-05	0.0	7.461952191079035e-05	1	
89.12	2.0020874217152596e-05	2.108677992298364	0	0	1	0	0	1	0.0027032294310629368	5.577878619078547e-05	-0.11350414424668998	-0.14188018030836247	0.27487725019454956	0.27487725019454956	1.3719696130225946e-05	1.371969613022597e-05	2.743939187415601e-05	0.0	0.0001313450193265453	1	
89.84	1.4142598956823349e-05	2.024987358470676	0	0	1	0	0	1	0.0026136240921914577	-3.8022339140297845e-05	-0.0001244518595437209	-0.0001728498049218346	0.292155921459198	0.292155921459198	2.5697577194422416e-05	2.5697577194422416e-05	5.139515536115033e-05	0.0	0.00019570549193304032	1	
90.61	1.8877675756812096e-05	1.984463703230381	0	0	1	0	0	1	0.004454180132597685	1.995605998672545e-05	0.002390332520008087	0.0031043279480624506	0.3109950125217438	0.3109950125217438	4.7044674141330127e-05	4.7044674141330127e-05	9.40893462423677e-05	0.0	0.00023532763589173555	1	
91.25	1.5795696526765823e-05	1.9494314048796548	0	0	1	0	0	1	0.009045164100825787	1.3365081940719392e-05	0.007173412450356409	0.011208456953681889	0.32606855034828186	0.32606855034828186	7.820458226803304e-05	7.820458226803304e-05	0.00015640916494618715	0.0	0.0002777140762191266	1	
91.95	1.0288320481777191e-05	1.9214478032837397	0	0	1	0	0	1	0.004041917622089386	4.057485796238325e-07	-0.00714749496962343	-0.010210707099462044	0.3522857129573822	0.3522857129573822	0.00012885213197427658	0.00012885213197427636	0.0002577042627030504	0.0	0.0003181438078172505	1	
92.83	2.514990046620369e-05	1.9160510636231147	0	0	1	0	0	1	0.006205852143466473	3.4270801734237466e-06	0.0024590165015648713	0.0027943369335964446	0.37795934081077576	0.37795934081077576	0.0002076308497158638	0.00020763084971586344	0.0004152617089381269	0.0	0.00032917657517828047	1	
93.66	1.7133774235844612e-05	1.9629136108294225	0	0	1	0	0	0	0.09095631539821625	2.2686022930429317e-05	0.1021089918731925	0.12302288177493073	0.48357585072517395	0.48357585072517395	0.0002628751691871568	0.0002628751691871568	0.0005257503373057827	0.0	0.0002670933899935335	1	
94.51	2.079783007502556e-05	2.033662316774748	0	0	1	0	0	1	0.003278633113950491	-1.1151983017043676e-05	-0.10315021445207737	-0.1213531934730322	0.6000000238418579	0.6000000238418579	0.0004954883603070501	0.0004954883603070501	0.000990976708258373	0.0	0.00020073885389138013	1	
95.33	1.7452053725719452e-05	2.1115234015813784	0	0	1	0	0	1	0.003663336858153343	3.3097116101998836e-05	0.000469150907564454	0.000572135253127383	0.6455599665641785	0.6455599665641785	0.0011424421584985025	0.0011424421584985023	0.002284884268493093	0.0	0.00015281933883670717	0	
96.16	1.4175428077578545e-05	2.1941781346794302	0	0	1	0	0	0	0.09332023561000824	2.767633668554481e-05	0.10802035994199385	0.13014501197830586	0.6032609939575195	0.6032609939575195	0.0025584633494161	0.0025584633494161024	0.0051169266024969455	0.0	9.109393431572244e-05	0	
96.82	1.9036000594496727e-05	2.2517637737550698	0	0	1	0	0	0	0.09267990291118622	1.3441908777167555e-05	-0.0009702010588212446	-0.001470001604274613	0.7048640847206116	0.7048640847206116	0.007237921742618089	0.007237921742618087	0.014475843677192932	0.0	6.043969187885523e-05	0	
97.53	1.7707236111164093e-05	2.2499924228009514	0	0	1	0	0	1	0.009856010787189007	2.278911961184349e-05	-0.11665336918872847	-0.16430051998412462	0.7103667855262756	0.7103667855262756	0.015538691804737154	0.015538691804737157	0.031077383347779812	0.0	5.54873222426977e-05	0	
98.27	1.1601252481341362e-05	2.2654070233433514	0	0	1	0	0	1	0.004699178040027618	6.183254299685359e-05	-0.0069686929015694435	-0.009417152569688437	1.3308771848678589	1.3308771848678589	0.07797011905678075	0.07797011905678071	0.1559402438379125	0.0	4.7338562580989674e-05	0	
99.09	2.3618806153535843e-05	2.590739598841963	0	0	1	0	0	1	0.00994907133281231	7.655915396753699e-06	0.006402308893639868	0.007807693772731546	1.4940351247787476	1.4940351247787476	0.08658442958254232	0.08658442958254232	0.1731688634957732	0.0	9.020661309477873e-06	0	
99.79	1.27346720546484e-05	3.1647241359238976	0	0	1	0	0	1	0.004243169911205769	3.109175668214448e-05	-0.008151287745152202	-0.011644696778788861	1.4996665716171265	1.4996665716171265	0.02436714171453082	0.02436714171453082	0.04873428418322169	0.0	5.313182782629156e-07	0	
100.41	1.3546552509069443e-05	3.8171089488139005	0	0	0	0	0	1	0.006999213248491287	4.795087079401128e-05	0.004445231189170192	0.007169727724468051	1.499974250793457	1.499974250793457	0.006373666743024726	0.006373666743024728	0.012747333435549874	0.0	2.1520529358554086e-08	0	
101.2	2.097361721098423e-05	4.612371013316277	0	0	0	0	0	0	0.09200696647167206	2.809180659824051e-05	0.1076047509154187	0.1362085454625553	0.5025295615196228	0.5025295615196228	4.5317717909828186e-10	4.5317717909828186e-10	9.063543693165942e-10	0.0	4.310306833676947e-10	0	
102.0	1.6819452866911888e-05	4.185670824512148	0	0	0	0	0	1	0.002713447669520974	2.6697276553022675e-05	-0.11161689850268885	-0.13952112312836107	1.4400495290756226	1.4400495290756226	2.553567877219994e-23	2.553567877219976e-23	2.553567877219994e-23	0.0	3.3419387257538347e-09	0	
102.8	1.9558006897568703e-05	3.880437009738068	0	0	0	0	0	1	0.005172325763851404	5.100308408145793e-05	0.0030735976179130375	0.003841997022391297	1.44950270652771	1.44950270652771	1.2536932797372146e-22	1.2536932797372412e-22	2.4952360200764243e-22	0.0	1.4450040275448828e-08	0	
103.61	1.6304897144436836e-05	3.857165112085921	0	0	0	0	0	1	0.0041176374070346355	2.5411898604943417e-05	-0.0013020843911318131	-0.0016075115939898927	1.4346917867660522	1.4346917867660522	1.8052323101621992e-16	1.8052323101621992e-16	3.6104646615530264e-16	0.0	1.6022486448719064e-08	0	
104.41	1.5672994777560234e-05	4.134672926429851	0	0	0	0	0	1	0.00487858010455966	-0.00014277045556809753	0.0009511783719062805	0.0011889729648828506	1.4864916801452637	1.4864916801452637	2.2705345431943295e-13	2.2705345431943295e-13	4.541069106510214e-13	0.0	4.143920762089692e-09	0	
105.21	2.1787360310554504e-05	4.675300350582784	0	0	0	0	0	1	0.003817519871518016	2.8220143576618284e-05	-0.0013263252913020551	-0.001657906614127569	1.4998953342437744	1.4998953342437744	4.7764905713225406e-11	4.776490571322574e-11	9.552981232651554e-11	0.0	2.9973903914459754e-10	0	
106.08	1.8047401681542397e-05	4.604263601662126	0	0	0	0	0	0	0.09353408217430115	3.775703225983307e-05	0.10312248540549786	0.11853159242011248	1.3040688037872314	1.3040688037872314	0.001371403202260686	0.0013714032022606835	0.0027428064270269403	0.0	4.581716672724667e-10	0	
106.96	2.2619962692260742e-05	3.5513458623966345	0	0	1	0	0	0	0.09289281815290451	5.376543049351312e-05	-0.0007287091152234511	-0.000828078540026649	1.4929907321929932	1.4929907321929932	0.01113537436590329	0.01113537436590331	0.022270748561777028	0.0	1.0089838298199538e-07	0	
107.86	1.9279541447758675e-05	2.6068531119601217	0	0	1	0	0	1	0.002393015194684267	1.358540521323448e-05	-0.10055533662024471	-0.1117281518002719	1.4987177848815918	1.4987177848815918	0.1319134537537632	0.13191345375376295	0.2638269070942936	0.0	1.222766331920866e-05	0	
108.76	1.8139835447072983e-05	2.2339109274410314	0	0	1	0	0	1	0.0025886427611112595	3.312452827231027e-05	0.00021736396269665824	0.00024151551410739805	0.5542256236076355	0.5542256236076355	0.005562738663401219	0.005562738663401219	0.011125477178837868	0.0	6.931040115887299e-05	1	
109.67	1.7391983419656754e-05	2.2494787423574842	0	0	1	0	0	1	0.004670896101742983	2.773754022200592e-05	0.002288190484210685	0.002514495037594159	0.5924654006958008	0.5924654006958008	0.006799111072952917	0.006799111072952917	0.013598222215707473	0.0	6.194519664859399e-05	1	
110.57	2.6270747184753418e-05	2.250005792702837	0	0	1	0	0	0	0.01020712312310934	1.0135553566215094e-05	0.006151363357073731	0.0068348481745263675	0.6940496563911438	0.6940496563911438	0.005381224007938196	0.005381224007938206	0.010762448219243576	0.0	6.188676343299448e-05	0	
111.46	1.9389670342206955e-05	2.250089529347691	0	0	1	0	0	0	0.09421802312135696	2.8858263249276206e-05	0.09439426966095238	0.1060609771471375	0.6333878636360168	0.6333878636360168	0.001414629926393581	0.001414629926393582	0.002829259789968682	0.0	6.43212188151665e-05	0	
112.23	1.569325104355812e-05	2.2173224031572976	0	0	1	0	0	1	0.004589367657899857	-1.8764403648674488e-05	-0.116400851251243	-0.15116993668992595	0.2098732888698578	0.2098732888698578	1.2664694971941858e-05	1.266469497194188e-05	2.5329390504235848e-05	0.0	7.815706339897588e-05	1	
113.06	2.0463019609451294e-05	2.090973195860711	0	0	1	0	0	1	0.0023930149618536234	1.3583396139438264e-05	-0.002646208067525582	-0.0031882024909946774	0.27328726649284363	0.27328726649284363	1.4905563657573373e-05	1.4905563657573428e-05	2.9811127715272314e-05	0.0	0.00014355216990225017	1	
113.9	1.5879981219768524e-05	2.0325559663739625	0	0	1	0	0	1	0.00234221201390028	5.327897451934405e-05	-6.047969994445642e-05	-7.199964279101955e-05	0.2858331799507141	0.2858331799507141	2.990872324440109e-05	2.9908723244401145e-05	5.981744741725682e-05	0.0	0.0001878128678072244	1	
114.8	2.1150801330804825e-05	2.041073532661494	0	0	1	0	0	1	0.002613623859360814	-3.802425635512918e-05	0.0003015687171783712	0.0003350763524204125	0.3305525481700897	0.3305525481700897	4.0712538012538436e-05	4.0712538012538436e-05	8.142507516918923e-05	0.0	0.00017662395839579403	1	
115.69	2.3118220269680023e-05	2.081706265581013	0	0	1	0	0	1	0.009048264473676682	1.0776199815154541e-05	0.007229933274512211	0.008123520533159788	0.36246955394744873	0.36246955394744873	6.40553630080546e-05	6.40553630080546e-05	0.00012811072560795644	0.0	0.0001428397954441607	1	
116.57	1.7998740077018738e-05	2.102479094935904	0	0	1	0	0	1	0.005325539968907833	1.2910987607028801e-05	-0.004230368755419146	-0.004807237222067211	0.320394366979599	0.320394366979599	0.00012629942493885588	0.00012629942493885588	0.0002525988441463543	0.0	0.00012912412057630718	1	
117.39	1.9945204257965088e-05	2.10374072491207	0	0	1	0	0	1	0.003278633113950491	-1.1158243978570681e-05	-0.002496227871899198	-0.003044180331584388	0.38906407356262207	0.38906407356262207	0.0002255514543158184	0.00022555145431581841	0.0004511029098303239	0.0	0.00013007264351472259	1	
118.26	1.9244849681854248e-05	2.1125304767915116	0	0	1	0	0	1	0.0023930147290229797	1.358138797513675e-05	-0.0010179521665833462	-0.0011700599615900532	0.4299722909927368	0.4299722909927368	0.0003545238608985561	0.0003545238608985567	0.0007090477478250282	0.0	0.00012850800703745335	1	
119.15	1.799594610929489e-05	2.140329983112992	0	0	1	0	0	1	0.00898379273712635	3.6850131436949596e-05	0.007405368548430754	0.00832063881846152	0.49951231479644775	0.49951231479644775	0.0006224385580093012	0.0006224385580093012	0.0012448771159209655	0.0	0.00011887589062098414	1	
120.07	1.752842217683792e-05	2.1960771369420042	0	0	1	0	0	1	0.00467089656740427	2.7733101887861267e-05	-0.00468793061926313	-0.005095576760068619	0.5536384582519531	0.5536384582519531	0.0010500148191477528	0.0010500148191477517	0.0021000295664544573	0.0	0.00010081929940497503	1	
120.95	2.5317538529634476e-05	2.245988001161515	0	0	1	0	0	1	0.006038988009095192	2.7131118258694187e-05	0.0015546493655578656	0.0017666470063157564	0.6000000238418579	0.6000000238418579	0.0034532378155923407	0.0034532378155923407	0.006906475518662385	0.0	6.954174750717357e-05	1	
121.83	1.9348226487636566e-05	2.2499762231862688	0	0	1	0	0	1	0.009826429188251495	3.5555662179831415e-05	0.004303910430859436	0.0048908073077948136	0.6000000238418579	0.6000000238418579	0.007708121671223323	0.007708121671223316	0.015416243228012005	0.0	5.844749102834612e-05	1	
122.67	1.6841571778059006e-05	2.251622346530524	0	0	1	0	0	1	0.004243172705173492	3.109480530838482e-05	-0.006646733908426194	-0.007912778462412135	1.1121379137039185	1.1121379137039185	0.046506675209750936	0.04650667520975098	0.09301334830736141	0.0	5.222554682404734e-05	0	
123.52	2.1778512746095657e-05	2.469978034942618	0	0	1	0	0	0	0.09178177267313004	8.315930244862102e-06	0.10298658819759593	0.12116069199717168	1.4342472553253174	1.4342472553253174	0.09422394948247607	0.09422394948247607	0.1884479032659882	0.0	1.6472249626531266e-05	0	
124.37	1.6946811228990555e-05	3.0701503458758674	0	0	1	0	0	1	0.005036590620875359	2.3312377379625104e-05	-0.10205315535559374	-0.12006253571246323	1.4980820417404175	1.4980820417404175	0.03078985640955075	0.03078985640955075	0.06157971227717503	0.0	8.43412578888092e-07	0	
125.3	1.8140766769647598e-05	4.036579424476302	0	0	0	0	0	1	0.0026976335793733597	6.857525931991404e-06	-0.0025150075715075254	-0.0027043092166747582	1.4999685287475586	1.4999685287475586	0.004169142590690512	0.004169142590690515	0.008338285395730394	0.0	7.3048487259086414e-09	0	
126.19	2.488028258085251e-05	4.499514469052212	0	0	0	0	0	1	0.005032165441662073	2.174773908336647e-05	0.0026230695081895655	0.0029472691103253545	1.1052597761154175	1.1052597761154175	2.415441637727906e-16	2.4154416377278715e-16	4.830883141765632e-16	0.0	7.395087875394779e-10	0	
126.9	1.5062745660543442e-05	4.171884094810826	0	0	0	0	0	1	0.002439591335132718	4.667124085244723e-05	-0.0036515128260976833	-0.005142975811405188	1.275749921798706	1.275749921798706	2.4103314421508574e-19	2.4103314421508054e-19	4.820662851838899e-19	0.0	3.5355476324383517e-09	0	
127.73	2.0666047930717468e-05	3.928368890147132	0	0	0	0	0	0	0.01010013185441494	3.5670407669385895e-05	0.009229566890701472	0.011119960109278883	1.466781735420227	1.466781735420227	2.895688152857127e-22	2.895688152857127e-22	5.795307337621621e-22	0.0	1.1321821702381385e-08	0	
128.53	1.5101861208677292e-05	3.9383517528942242	0	0	0	0	0	1	0.005036590620875359	2.3308370145969093e-05	-0.006329426541924477	-0.007911783177405596	1.4985427856445312	1.4985427856445312	4.345207838772233e-17	4.345207838772233e-17	8.690415720654114e-17	0.0	1.0697607244480878e-08	0	
129.39	1.6597099602222443e-05	4.277290331666146	0	0	0	0	0	1	0.004041861742734909	3.8346175301740004e-07	-0.001156661486209825	-0.0013449552165230524	1.499989628791809	1.499989628791809	8.134412736855077e-13	8.134412736855134e-13	1.626882601870124e-12	0.0	2.0617358931218632e-09	0	
130.27	2.5134533643722534e-05	4.924125568708967	0	0	0	0	0	1	0.006205852143466473	3.4250390399392927e-06	0.002459080000831322	0.0027944090918537753	1.4999995231628418	1.4999995231628418	1.8003223223903966e-10	1.8003223223904095e-10	3.6006447135559615e-10	0.0	8.936450190955014e-11	0	
131.18	1.9439496099948883e-05	4.231584108873184	0	0	0	0	0	0	0.09356740117073059	2.0582125216606073e-05	0.09600170222776276	0.10549637607446456	1.4469982385635376	1.4469982385635376	0.002357821437341578	0.002357821437341578	0.0047156428832537	0.0	3.053135966268883e-09	0	
132.14	2.1141953766345978e-05	3.1073300721662034	0	0	1	0	0	0	0.09095631539821625	2.2650472601526417e-05	-0.0027198810130357742	-0.0028332093885789318	1.5	1.5	0.034322161504479975	0.034322161504479975	0.06864432273194465	0.0	1.0475295084688696e-06	0	
132.92	1.9200611859560013e-05	2.3803343241738677	0	0	1	0	0	0	0.09209476411342621	2.7477917683427222e-05	0.0014595496348845651	0.0018712174806212374	1.5	1.5	0.2268509304871711	0.2268509304871711	0.4537018722644004	0.0	3.5570636100601405e-05	0	
133.76	1.6996171325445175e-05	2.2486299504224805	0	0	1	0	0	1	0.0029029001016169786	4.5962533476995304e-05	-0.10618079049024909	-0.12640570296458226	0.5909974575042725	0.5909974575042725	0.010560960043229217	0.010560960043229217	0.02112191962078964	0.0	6.361225678119808e-05	1	
134.61	1.5869736671447754e-05	2.2501717857171273	0	0	1	0	0	1	0.008905299007892609	1.4843777535133995e-05	0.007061645772088977	0.008307818555398796	0.7052459716796875	0.7052459716796875	0.01162109943380856	0.011621099433808551	0.02324219839921498	0.0	6.158434553071856e-05	0	
135.44	2.3879576474428177e-05	2.2498535740643724	0	0	1	0	0	1	0.005892007611691952	4.223210271447897e-05	-0.0036304715616875386	-0.004374062122515107	0.6000000238418579	0.6000000238418579	0.0029869561680011232	0.002986956168001126	0.005973912322928735	0.0	6.2154809711501e-05	1	
136.22	1.5226192772388458e-05	2.250107139702028	0	0	1	0	0	1	0.0027126625645905733	1.3441587725537829e-05	-0.004076083393719716	-0.005225747940666302	0.6665433049201965	0.6665433049201965	0.0015333963689473029	0.0015333963689473059	0.003066792678188955	0.0	6.438686250476167e-05	0	
136.87	1.507950946688652e-05	2.231306868618326	0	0	1	0	0	1	0.009636172093451023	3.549663961166516e-05	0.010651553121323768	0.016387004802036566	0.17042791843414307	0.17042791843414307	1.661258045733506e-05	1.661258045733506e-05	3.322516147837108e-05	0.0	7.294650276890025e-05	1	
137.68	1.7706770449876785e-05	2.1240167841262245	0	0	1	0	0	1	0.002613623393699527	-3.80260098609142e-05	-0.008669813209569747	-0.010703473098234256	0.27521762251853943	0.27521762251853943	1.2247246406240733e-05	1.2247246406240733e-05	2.449449296536797e-05	0.0	0.00012213041190989316	1	
138.52	2.0948238670825958e-05	1.9972752436635703	0	0	1	0	0	1	0.009851458482444286	4.215267108520493e-05	0.008616470343743762	0.010257702790171146	0.2638120651245117	0.2638120651245117	3.219642027472561e-05	3.2196420274725735e-05	6.439284194568588e-05	0.0	0.0002254491555504501	1	
139.36	1.7451122403144836e-05	1.9193394424053296	0	0	1	0	0	0	0.09353408217430115	3.773083153646439e-05	0.09962217106173436	0.11859782269254092	0.2955191135406494	0.2955191135406494	5.562415479402013e-05	5.562415479402033e-05	0.00011124830869561016	0.0	0.00032684390316717327	1	
140.22	2.1540094166994095e-05	1.866093560827054	0	0	1	0	0	1	0.0032879181671887636	-1.5023886589915492e-05	-0.10493740000827022	-0.12202023256775607	0.32569214701652527	0.32569214701652527	0.00010364197122460094	0.00010364197122460094	0.00020728394200621034	0.0	0.0004211116174701601	1	
141.06	1.7125625163316727e-05	1.8525113551287773	0	0	1	0	0	0	0.09391316026449203	2.601454616524279e-05	0.10788719297298009	0.12843713449164298	0.33889421820640564	0.33889421820640564	0.00018131035813798177	0.00018131035813798177	0.0003626207171773257	0.0	0.00044951357995159924	1	
141.88	1.482199877500534e-05	1.8761856847216136	0	0	1	0	0	0	0.09405315667390823	-9.216861371896812e-07	0.00017072732855633992	0.0002082040592150487	0.3802313208580017	0.3802313208580017	0.0002514998567155184	0.0002514998567155184	0.0005029997053886385	0.0	0.00040318703395314515	1	
142.68	2.3410189896821976e-05	1.9155793935280863	0	0	1	0	0	1	0.0026751228142529726	5.0722897867672145e-05	-0.11422254232456908	-0.14277817790571135	0.432900995016098	0.432900995016098	0.00037893159405106154	0.00037893159405106154	0.0007578631755594297	0.0	0.0003397481923457235	1	
143.46	1.4709774404764175e-05	1.9653054798162923	0	0	1	0	0	1	0.0025192571338266134	-1.5031007933430374e-05	-0.0001998277954184092	-0.0002561894813056528	0.49241629242897034	0.49241629242897034	0.0006342968566882842	0.0006342968566882842	0.0012685937121118837	0.0	0.0002778746420517564	1	
144.21	1.8833670765161514e-05	2.0183718491197062	0	0	1	0	0	1	0.003663337090983987	3.3064767194446176e-05	0.001525439942876498	0.0020339199238353306	0.5531131625175476	0.5531131625175476	0.001087709954408867	0.001087709954408867	0.0021754198665078113	0.0	0.000230670630116947	1	
145.01	1.3839919120073318e-05	2.085236728968538	0	0	1	0	0	1	0.008905298076570034	1.483889082010137e-05	0.006552451231982559	0.008190564039978199	0.5951024293899536	0.5951024293899536	0.001989480384296901	0.001989480384296903	0.003978960725150234	0.0	0.00017367943655699492	1	
145.8	2.298271283507347e-05	2.156971819303126	0	0	1	0	0	1	0.0026751228142529726	5.072218846180476e-05	-0.007886297800401343	-0.009982655443546004	0.5997905731201172	0.5997905731201172	0.0036385267407304874	0.003638526740730487	0.0072770533983267174	0.0	0.00010079141793539748	1	
146.71	1.9381288439035416e-05	2.2444945355033896	0	0	1	0	0	1	0.008940456435084343	2.130746543116402e-05	0.006884982000913593	0.007565914286718234	0.5996225476264954	0.5996225476264954	0.005057681946327038	0.005057681946327038	0.010115363763888427	0.0	5.729221084038727e-05	1	
147.5	1.908373087644577e-05	2.298235429359303	0	0	1	0	0	1	0.00328791793435812	-1.502447594248224e-05	-0.007155112026235725	-0.009057103830678133	1.5	1.5	0.10555338046458831	0.10555338046458837	0.21110676906016937	0.0	3.9529375499114394e-05	0	
148.31	1.618172973394394e-05	2.7048838225272807	0	0	1	0	0	1	0.009636172093451023	3.548642780515365e-05	0.007837350813694941	0.009675741745302396	1.5	1.5	0.06737039398207438	0.06737039398207438	0.13474078636421932	0.0	5.1261808948765974e-06	0	
149.14	1.565041020512581e-05	3.467046624976353	0	0	1	0	0	1	0.0020157466642558575	-5.598361894953996e-05	-0.009181235456861645	-0.011061729466098368	1.5	1.5	0.012575944092844137	0.012575944092844132	0.025151888047133097	0.0	1.2049885356191226e-07	0	
149.94	2.2726133465766907e-05	4.3911269833730024	0	0	0	0	0	0	0.09421802312135696	2.8844777261838317e-05	0.11525284557137638	0.14406605696422048	1.5	1.5	0.0022230279889073664	0.0022230279889073686	0.004446056091797023	0.0	1.283089190451392e-09	0	
150.74	1.54995359480381e-05	4.401616791175351	0	0	0	0	0	1	0.0025192571338266134	-1.5033315321488772e-05	-0.11462345748441294	-0.14327932185551617	1.3676437139511108	1.3676437139511108	2.2542506238593987e-20	2.2542506238593828e-20	4.508500031295102e-20	0.0	1.176739705677221e-09	0	
151.57	0.00035198451951146126	4.06020292070968	0	0	0	0	0	1	0.009837941266596317	4.1420335037400946e-05	0.008817691726228559	0.01062372497135971	1.4850409030914307	1.4850409030914307	5.5557066618333884e-24	5.55570666183327e-24	5.5557066618333884e-24	0.0	5.98437877030733e-09	0	
152.41	9.208917617797852e-06	3.9596663708205053	0	0	0	0	0	1	0.004484719131141901	3.624407690949738e-05	-0.006372883494588591	-0.007586766064986418	1.5	1.5	1.5444941277907385e-19	1.5444941277907498e-19	3.088988189961735e-19	0.0	9.582572069177786e-09	0	
153.25	1.6265083104372025e-05	4.144049350662791	0	0	0	0	0	1	0.009310507215559483	4.077772246091627e-06	0.005744985814782835	0.006839268827122423	1.5	1.5	2.0614577069413442e-14	2.0614577069413587e-14	4.122915333178846e-14	0.0	3.906083456683973e-09	0	
154.07	2.7630478143692017e-05	4.6046867375780725	0	0	0	0	0	1	0.002441752003505826	4.063942833454348e-05	-0.008376530746406898	-0.010215281398057193	1.5	1.5	2.2145503735635107e-11	2.2145503735635107e-11	4.429100791608369e-11	0.0	4.190429947481533e-10	0	
154.89	3.5064760595560074e-05	4.816278353759735	0	0	0	0	0	0	0.09472095221281052	2.718038194871042e-05	0.1125356100113472	0.13723854879432584	1.0794711112976074	1.0794711112976074	0.0010937263607020368	0.0010937263607020378	0.0021874527330483185	0.0	1.5638403072504303e-10	0	
155.68	3.4067779779434204e-06	3.8935306893503645	0	0	0	0	0	1	0.003415027866140008	-6.964636850170791e-05	-0.11557711942616519	-0.146300151172361	1.483335018157959	1.483335018157959	0.004779278568985964	0.004779278568985964	0.009558557335349823	0.0	1.7204691005190398e-08	0	
156.47	4.018191248178482e-06	2.9917722326765044	0	0	1	0	0	0	0.093425452709198	2.7552328901947476e-05	0.11393724663678226	0.14422436283136994	1.4992777109146118	1.4992777109146118	0.046941039981114895	0.04694103998111484	0.09388208192752603	0.0	1.9460082967270864e-06	0	
157.31	2.0242761820554733e-05	2.242305716399	0	0	1	0	0	1	0.0059221163392066956	2.8773682061000727e-05	-0.10417063853570394	-0.12401266492345707	0.5927110314369202	0.5927110314369202	0.02665602743574386	0.02665602743574386	0.05331205345638995	0.0	6.899268919369206e-05	1	
158.23	4.438217729330063e-06	2.2290168938176196	0	0	1	0	0	1	0.003659800859168172	3.04300101561239e-05	-0.002459038565259265	-0.0026728680057165922	0.5732188820838928	0.5732188820838928	0.006444597643728877	0.006444597643728877	0.012889195260520602	0.0	7.002077472861856e-05	1	
159.12	1.2137927114963531e-05	2.249682678356364	0	0	1	0	0	1	0.0023601881694048643	3.273467518738471e-05	-0.0014602389772621434	-0.0016407179519799364	0.5963864922523499	0.5963864922523499	0.005792466644667449	0.005792466644667443	0.011584933102600637	0.0	6.170323467813432e-05	1	
159.94	2.0292121917009354e-05	2.250317951579291	0	0	1	0	0	0	0.09202104806900024	2.8050128094037063e-05	0.1093425120726773	0.13334452691789916	0.7264150381088257	0.7264150381088257	0.004893699273310084	0.004893699273310084	0.00978739893420734	0.0	6.210908031789586e-05	0	
160.85	1.2109987437725067e-05	2.250046357308144	0	0	1	0	0	1	0.009851536713540554	4.2121340811718255e-05	-0.09029616632468097	-0.09922655640074832	0.5994349718093872	0.5994349718093872	0.0009675566479397006	0.0009675566479397041	0.0019351133168508299	0.0	6.526811921503395e-05	1	
161.66	9.074807167053223e-06	2.1834578598107397	0	0	1	0	0	0	0.09381851553916931	3.4128421248169616e-05	0.10366293682176389	0.12797893434785665	0.24649682641029358	0.24649682641029358	1.05317906651657e-05	1.05317906651657e-05	2.10635819691128e-05	0.0	9.197722101816908e-05	1	
162.53	1.827208325266838e-05	2.0732725658825575	0	0	1	0	0	1	0.0059384871274232864	2.6946365323965438e-05	-0.1010115269100529	-0.11610520334488839	0.2831793427467346	0.2831793427467346	1.784594494207249e-05	1.784594494207249e-05	3.5691889909193374e-05	0.0	0.00015559325402136892	1	
163.37	1.490442082285881e-05	2.0040325652787923	0	0	1	0	0	1	0.009636170230805874	3.391676364117302e-05	0.004402003694503081	0.005240480588694144	0.29923972487449646	0.29923972487449646	3.585349903475966e-05	3.585349903475966e-05	7.170699890154887e-05	0.0	0.00021515383559744805	1	
164.17	1.394050195813179e-05	1.9353684269514204	0	0	1	0	0	1	0.0016203861450776458	6.417405529646203e-05	-0.010019730107160285	-0.012524662633950356	0.31980952620506287	0.31980952620506287	7.060113840135557e-05	7.060113840135557e-05	0.00014120227261311187	0.0	0.0002989870263263583	1	
164.93	5.409587174654007e-05	1.8946585195926975	0	0	1	0	0	1	0.006305387709289789	2.6073725166497752e-05	0.006164475742384399	0.008111152292611052	0.34449368715286255	0.34449368715286255	0.0001236736072000259	0.00012367360720002632	0.00024734722061605686	0.0	0.00036405291757546365	1	
165.82	1.4290213584899902e-05	1.8851499179643625	0	0	1	0	0	0	0.09099963307380676	3.954072963097133e-05	0.0951620734432775	0.10692367802615449	0.38217228651046753	0.38217228651046753	0.0002153853211296166	0.0002153853211296166	0.00043077064859451753	0.0	0.0003835311799775809	1	
166.65	1.9902363419532776e-05	1.9034971393201254	0	0	1	0	0	0	0.010014468804001808	5.5224001698661596e-05	-0.09757248707205417	-0.1175572133398243	0.42385223507881165	0.42385223507881165	0.000343047210330189	0.000343047210330189	0.0006860944382735051	0.0	0.00035743621992878616	1	
167.48	1.6439706087112427e-05	1.9511746316027283	0	0	1	0	0	1	0.0029235288966447115	4.7749508667038754e-05	-0.008543301093201321	-0.010293133847230507	0.46613609790802	0.46613609790802	0.0005140701151499918	0.0005140701151499918	0.0010281402693177034	0.0	0.00029415436438284814	1	
168.24	1.5093013644218445e-05	2.0030359265830135	0	0	1	0	0	1	0.0026424438692629337	-2.8521268177428283e-05	-0.00036984872023918127	-0.00048664305294629116	0.5482351779937744	0.5482351779937744	0.00101304079146757	0.0010130407914675716	0.002026081566900753	0.0	0.00024368691083509475	0	
168.93	1.4885328710079193e-05	2.058253403036913	0	0	1	0	0	1	0.007157721556723118	2.361398219363764e-05	0.006543880706464035	0.009483885081831936	0.5862273573875427	0.5862273573875427	0.0015177312087479398	0.0015177312087479382	0.003035462323038594	0.0	0.00020574303925968707	1	
169.79	1.9516795873641968e-05	2.135097735827035	0	0	1	0	0	1	0.003242621896788478	-8.256166438513901e-06	-0.004552441465040279	-0.005293536587256138	0.6000000238418579	0.6000000238418579	0.0032574947884195047	0.0032574947884195047	0.006514989673893948	0.0	0.00011722466297214851	1	
170.76	2.127140760421753e-05	2.227532252217134	0	0	1	0	0	0	0.09207315742969513	2.595348996692337e-05	0.09157787168340892	0.09441017699320507	0.5989623069763184	0.5989623069763184	0.004932115577944194	0.004932115577944194	0.009864231363721762	0.0	6.350585317704827e-05	1	
171.65	1.8393155187368393e-05	2.2597614600453975	0	0	1	0	0	1	0.0036913519725203514	3.0575462005799636e-05	-0.09930539939008402	-0.11157910043829665	0.9794210195541382	0.9794210195541382	0.045527594113361915	0.045527594113361915	0.09105518641473062	0.0	4.8818990762811154e-05	0	
172.5	1.3691838830709457e-05	2.47820212756099	0	0	1	0	0	1	0.00272113224491477	3.190481834280945e-07	-0.0011414349736536252	-0.0013428646748866178	1.0946112871170044	1.0946112871170044	0.03184690150392153	0.03184690150392153	0.06369380104315378	0.0	1.5787141819600947e-05	0	
173.39	4.1175633668899536e-05	2.9842743996367602	0	0	1	0	0	1	0.009765109047293663	0.0001352782128378749	0.007914580676830216	0.00889278727733732	1.287593960762024	1.287593960762024	0.01613416662912317	0.016134166629123183	0.032268333719181495	0.0	1.2927150692121359e-06	0	
174.3	3.861263394355774e-05	3.877810805199087	0	0	0	0	0	1	0.0041368743404746056	0.00020228285575285554	-0.006184873304196766	-0.006796564070545897	1.4946985244750977	1.4946985244750977	0.005633355517115519	0.005633355517115519	0.0112667111011111	0.0	1.596859000585482e-08	0	
175.17	4.73768450319767e-05	4.5847475117996215	0	0	0	0	0	0	0.010495029389858246	3.4767781471600756e-05	0.0073082241946938395	0.00840025769505039	0.8634993433952332	0.8634993433952332	3.135828600133441e-13	3.135828600133419e-13	6.2716573278948e-13	0.0	4.913363604863719e-10	0	
175.97	4.9338676035404205e-05	4.143413563341552	0	0	0	0	0	1	0.001663715927861631	-4.6685392590006813e-05	-0.011039141827495769	-0.01379892728436971	1.4736201763153076	1.4736201763153076	4.3705273473083395e-24	4.3705273473083395e-24	4.3705273473083395e-24	0.0	4.06973299504898e-09	0	
176.77	2.693384885787964e-05	3.890442706287071	0	0	0	0	0	1	0.009914988651871681	4.399123281473294e-05	0.010314090905012563	0.012892613631265704	1.5	1.5	7.278310367550643e-23	7.278310367550643e-23	1.4765094500569076e-22	0.0	1.3653763453191914e-08	0	
177.49	2.9194634407758713e-05	3.935092014936311	0	0	0	0	0	1	0.005622972268611193	4.264275776222348e-05	-0.005961133865639567	-0.008279352591166066	1.5	1.5	1.9251810851796912e-17	1.9251810851796912e-17	3.850362235452343e-17	0.0	1.08747197913317e-08	0	
177.53	7.511116564273834e-07	3.9449366798686833	0	0	0	0	0	1	0.006374318152666092	2.5899930733430665e-06	0.01878364710137248	0.469591177534312	1.5	1.5	3.6544783202082434e-17	3.6544783202082434e-17	7.308956641639354e-17	0.0	1.035968733020809e-08	0	
177.53	0.0	3.9449366798686833	0	0	0	0	0	1	0.006374318152666092	2.5899930733430665e-06	0.0	0.0	1.5	1.5	3.6544783202082434e-17	3.6544783202082434e-17	7.308956641639354e-17	0.0	1.035968733020809e-08	0	
177.53	0.0	3.9449366798686833	0	0	0	0	0	1	0.006374318152666092	2.5899930733430665e-06	0.0	0.0	1.5	1.5	3.6544783202082434e-17	3.6544783202082434e-17	7.308956641639354e-17	0.0	1.035968733020809e-08	0	
177.53	0.0	3.9449366798686833	0	0	0	0	0	1	0.006374318152666092	2.5899930733430665e-06	0.0	0.0	1.5	1.5	3.6544783202082434e-17	3.6544783202082434e-17	7.308956641639354e-17	0.0	1.035968733020809e-08	0	
